data = [0.0100000000000000;0.00308000000000003;0.0404800000000000;0.00677999999999998;0.0142500000000000;0.00939999999999999;0.0118200000000000;0.00249000000000002;0.00641000000000000;0.000209999999999988;0.00736999999999999;0.0111200000000000;0.0102600000000000;0.00606999999999999;0.00416000000000000;0.00619000000000000;0.00108000000000000;0.0233300000000000;0.00694800000000000;0.00619900000000000;0.00414300000000001;0.000826999999999994;0.000889000000000001;0.00111900000000000;0.00185300000000001;0.00350900000000000;0.00376100000000000;0.00537300000000000;0.00709600000000000;0.00203700000000000;0.00331600000000000;0.000299000000000001;0.00578500000000000;0.00943700000000000;0.000800000000000002;0.00344300000000000;0.000548000000000000;0.00199000000000000;0.00625000000000000;0.00612300000000000;0.000617000000000003;0.00833600000000000;0.00143800000000000;0.00222550000000000;0.000462200000000001;0.00250100000000000;0.0154246000000000;0.00335470000000000;0.000185000000000001;0.00463100000000000;0.000636999999999999;0.00724200000000000;0.00223100000000000;0.000567999999999999;0.000744000000000002;0.00441900000000000;0.00665500000000000;0.000869000000000002;0.00201500000000000;0.000405999999999997;0.00241900000000000;0.00221800000000000;0.000713999999999999;0.00110600000000000;0.00371900000000000;0.00369400000000000;0.00327600000000000;0.000267999999999997;0.00270200000000000;0.00295700000000000;0.00257499999999999;0.000182000000000002;0.0103670000000000;0.00313300000000000;0.00144100000000000;0.00237300000000000;0.00257100000000000;0.00108000000000000;0.000598000000000001;0.00180300000000000;0.00195500000000000;0.00239300000000001;0.000782999999999992;0.000619000000000008;0.00126600000000000;0.000581999999999999;0.000579999999999997;0.00337000000000000;0.000170000000000003;0.00445999999999999;0.00799000000000001;0.00219999999999999;0.000659999999999994;0.00369000000000001;0.00310999999999999;0.000170000000000003;0.00136000000000000;0.00115000000000001;0.00438999999999998;0.00151000000000001;0.00120000000000001;0.00250000000000000;0.00203999999999999;0.000630000000000019;0.00563999999999998;0.000380000000000019;0.00186999999999998;0.000990000000000019;0.000279999999999975;0.00368000000000002;0.00115999999999999;0.000489999999999990;0.00159000000000001;0.00105000000000000;0.00219000000000000;0.00166000000000002;0.000549999999999995;0.000920000000000004;0.00192999999999999;0.000780000000000003;0.00556999999999999;0.00420000000000001;0.000560000000000005;0.000569999999999987;0.00146000000000002;0.00377999999999998;0.00249000000000002;0.000489999999999990;0.00745000000000001;0.00169000000000000;0.00194999999999998;0.00448000000000001;0.00317999999999999;0.00142000000000000;0.00105000000000000;0.00288000000000002;0.000189999999999996;0.00392000000000001;0.000869999999999982;0.00165999999999999;0.00323000000000001;0.000609999999999999;0.000680000000000014;0.00552000000000000;0.000329999999999997;0.00245999999999999;0.00389000000000000;0.000709999999999988;0.000290000000000012;0.000579999999999997;0.00330000000000000;0;0.00670000000000001;0.00186999999999998;0.00257000000000002;0.00507000000000002;0.00199999999999995;0.00113000000000002;0.000960000000000016;0.000170000000000003;7.99999999999690e-05;0.00272000000000000;0.000219999999999998;3.00000000000300e-05;0.00392999999999999;0.000620000000000009;0.00269999999999998;0.000319999999999987;0.00188000000000005;0.00122999999999995;0.00210000000000005;0.00295999999999996;0.00252000000000002;0.00284000000000001;0.00507999999999997;0.00164000000000003;0.000819999999999987;0.00226999999999999;0.00216000000000000;0.0123700000000000;0.00424000000000002;0.000159999999999993;0.00325999999999999;0.00400000000000000;0.00114999999999998;0.00279000000000001;0.00107000000000002;0.000299999999999967;0.00509000000000004;0.00125999999999998;0.00226999999999999;0.00109000000000004;0.00109999999999999;0.00241999999999998;0.0258800000000000;0.0124700000000000;0.00363000000000002;0.00229999999999997;0.000620000000000009;0.00217000000000001;0.000730000000000008;0.000859999999999972;0.00172000000000000;0.00470000000000004;0.00862999999999997;0.00265000000000004;0.00378999999999996;0.0197000000000000;0.0239800000000000;0.0150900000000000;0.0107600000000000;0.00567999999999996;0.00419000000000003;0.0142200000000000;0.0229100000000000;0.0167300000000000;0.0345099999999999;0.0398200000000001;0.0402699999999999;0.0842900000000000;0.0890700000000000;0.0480700000000000;0.0254500000000000;0.0137800000000000;0.0160100000000000;0.0339100000000000;0.0131100000000000;0.000530000000000003;0.00789999999999999;0.000140000000000001;0.00177000000000002;0.0220000000000000;0.00322000000000000;0.00689000000000001;0.00155000000000000;0.000869999999999982;0.00676000000000002;0.00201999999999999;0.00464000000000001;0.00123000000000000;0.00559000000000000;0.0123670000000000;0.000940999999999997;0.00476400000000000;0.0111240000000000;0.00500300000000001;0.00130899999999999;0.00153200000000001;0.0188870000000000;0.00590600000000000;0.000957000000000000;6.19999999999996e-05;0.00530200000000000;0.00438500000000000;0.00420500000000000;0.0155020000000000;0.00141000000000000;0.000579999999999999;0.000693000000000001;0.00314340000000000;0.00511780000000000;3.16000000000001e-05;0.00273943000000000;0.000576510000000000;0.000135640000000000;0.00386672000000000;0.000291700000000000;0.00737320000000000;0.000725000000000000;0.000425000000000000;0.00272300000000000;0.000321999999999999;0.00200300000000000;0.00205600000000000;0.00207500000000000;0.00294000000000000;0.00244400000000000;0.000801000000000000;0.000316000000000000;0.000164000000000001;0.00333800000000000;0.000861000000000001;0.00459300000000000;0.00460200000000000;0.000225000000000003;0.00340799999999999;0.00378200000000000;0.00557200000000000;0.00403400000000000;0.000196999999999996;0.00171100000000000;0.000276999999999999;0.00293800000000000;0.00148200000000000;0.000613000000000002;0.00152900000000000;0.00199600000000000;0.00277600000000000;0.00297600000000001;0.00756100000000000;0.00484899999999999;0.00182500000000001;8.09999999999977e-05;0.00329699999999999;0.00575700000000001;0.00787099999999999;0.00149000000000001;0.00151999999999999;0.00569000000000000;0.00243000000000000;0.000420000000000004;0.000630000000000006;0.00530000000000000;0.000189999999999996;0.0109600000000000;0.00429000000000002;0.00212999999999999;0.00472000000000000;0.00830999999999998;0.00268000000000002;0.00256999999999999;0.00475000000000000;0.000370000000000009;0.0157700000000000;0.00206000000000001;0.00418000000000002;0.00324999999999998;0.00265000000000001;0.00706000000000001;0.000319999999999987;0.00253000000000000;0.00261999999999998;0.00248000000000001;4.99999999999945e-05;0.00198000000000001;0.00133000000000000;0.000920000000000004;0.000340000000000007;0.00181999999999999;0.00180000000000000;0.000540000000000013;0.00192999999999999;0.00957000000000000;0.00464000000000001;0.00256000000000001;0.00101999999999999;0.000329999999999997;0.00108000000000000;0.00972000000000001;0.00205000000000002;6.00000000000045e-05;0.00641999999999998;0.00463999999999998;0.00353000000000003;0.00429999999999997;0.00319000000000003;0.00115999999999999;0.00488000000000000;0.000510000000000010;0.000519999999999965;0.00380000000000003;0.00269999999999998;0.00119000000000002;0.00512000000000001;0.00429999999999997;0.00359999999999999;0.00118000000000001;0.0208400000000000;0.00129999999999997;0.00174000000000002;0.00833000000000000;0.000519999999999965;0.000740000000000018;0.00158999999999998;0.00909000000000004;0.00475999999999999;0.00329000000000002;0.00211000000000000;0.000329999999999997;0.0318500000000000;0.00735999999999998;0.00847999999999999;0.00460000000000005;1.99999999999645e-05;0.00623000000000001;0.00463000000000002;0.0156000000000000;0.0133400000000000;0.00107000000000002;0.00523000000000001;0.0107200000000000;0.00131999999999999;0.00928000000000001;0.00710999999999995;2.00000000000200e-05;0.00152000000000002;0.0198699999999999;