0.60237,0.49184,0.43627,0.44802,0.51416,0.60174,0.6697,0.68341,0.62669,0.50726,0.35375,0.20549,0.098937,0.055448,0.074704,0.13598,0.2065,0.25375,0.25714,0.21494,0.14409,0.073251,0.031756,0.038687,0.095952,0.18779,0.28661,0.36294,0.39553,0.37818,0.32081,0.24472,0.17415,0.12726,0.11012,0.11568,0.1278,0.12862,0.1062,0.059416,-0.0017197,-0.060302,-0.099546,-0.10975,-0.092428,-0.059956,-0.030915,-0.022866,-0.04537,-0.095879,-0.16007,-0.21647,-0.24364,-0.22739,-0.16533,-0.0675,0.047166,0.15676,0.24269,0.29404,0.3088,0.29216,0.25287,0.19982,0.13994,0.078447,0.020547,-0.026615,-0.053365,-0.049211,-0.0066443,0.074348,0.1831,0.29828,0.39186,0.43639,0.41331,0.31953,0.16958,-0.0076676,-0.17708,-0.30758,-0.38114,-0.39731,-0.37168,-0.32857,-0.29078,-0.27011,-0.26231,-0.24842,-0.20247,-0.10245,0.0591,0.26935,0.49652,0.6984,0.83529,0.88295,0.84104,0.73376
0.73466,0.62772,0.53678,0.48445,0.47562,0.49691,0.5226,0.52497,0.48507,0.40024,0.28547,0.16821,0.07867,0.038939,0.055125,0.1152,0.19334,0.25917,0.28851,0.27179,0.21716,0.14728,0.091107,0.073661,0.10747,0.18861,0.29859,0.411,0.50051,0.55073,0.55827,0.53184,0.48717,0.43995,0.3997,0.36699,0.33478,0.29316,0.23529,0.1619,0.082424,0.012093,-0.033783,-0.046161,-0.026557,0.012571,0.05172,0.071218,0.058563,0.013458,-0.051425,-0.11437,-0.15194,-0.14703,-0.094943,-0.005234,0.10123,0.19882,0.26507,0.287,0.26406,0.20677,0.13201,0.057035,-0.0055189,-0.049904,-0.076338,-0.087807,-0.086416,-0.071191,-0.038495,0.015053,0.088508,0.17342,0.2534,0.30718,0.31465,0.26371,0.15553,0.0058835,-0.15824,-0.30599,-0.41149,-0.46124,-0.45727,-0.41496,-0.35627,-0.30077,-0.25795,-0.22363,-0.18198,-0.11248,0.00073499,0.16068,0.35373,0.55193,0.72077,0.82996,0.86332,0.82424
0.80879,0.71245,0.59682,0.49153,0.41618,0.37496,0.35714,0.34305,0.31324,0.25717,0.1781,0.092455,0.02372,-0.0066697,0.011978,0.074697,0.16167,0.24463,0.29656,0.30129,0.25944,0.18869,0.11805,0.078371,0.092196,0.16654,0.2909,0.44096,0.58647,0.70035,0.76591,0.77994,0.75102,0.69428,0.62485,0.55286,0.48145,0.40851,0.33072,0.24791,0.1656,0.094359,0.046213,0.029494,0.044454,0.081635,0.12402,0.15246,0.1524,0.11951,0.061809,-0.0026429,-0.051834,-0.067634,-0.042502,0.017383,0.09377,0.16224,0.20027,0.19459,0.14525,0.06507,-0.025208,-0.1041,-0.15619,-0.1762,-0.16889,-0.14527,-0.11686,-0.090553,-0.066212,-0.037956,0.0014146,0.054909,0.11724,0.17417,0.206,0.19419,0.12863,0.012888,-0.135,-0.28671,-0.4117,-0.48633,-0.50091,-0.462,-0.38914,-0.30706,-0.23633,-0.18575,-0.14942,-0.10965,-0.044601,0.062084,0.21335,0.39545,0.58083,0.73614,0.8327,0.85571
0.81204,0.73014,0.60345,0.46429,0.34151,0.25207,0.19743,0.16592,0.13985,0.1043,0.054242,-0.0030107,-0.050696,-0.069846,-0.04785,0.015062,0.10414,0.19412,0.25763,0.27507,0.24223,0.17295,0.095506,0.043994,0.047445,0.12046,0.25842,0.43879,0.62786,0.79062,0.90018,0.94402,0.92513,0.85839,0.76394,0.66032,0.55969,0.46677,0.38096,0.30043,0.22586,0.16205,0.11662,0.096502,0.10379,0.13309,0.17182,0.20356,0.21355,0.19413,0.14791,0.087264,0.030097,-0.0066966,-0.01367,0.0073139,0.043345,0.074901,0.082885,0.055694,-0.0063267,-0.090716,-0.17712,-0.24433,-0.27748,-0.2728,-0.23805,-0.1888,-0.14182,-0.10854,-0.090997,-0.081933,-0.069089,-0.041813,0.0026991,0.056253,0.10113,0.11593,0.083737,-0.00047503,-0.12613,-0.26875,-0.39681,-0.4814,-0.5054,-0.46884,-0.38828,-0.29052,-0.20271,-0.14241,-0.1114,-0.095318,-0.069567,-0.0091986,0.10068,0.25789,0.44209,0.62024,0.7566,0.82397
0.74589,0.67814,0.55353,0.40275,0.25755,0.14128,0.063169,0.018218,-0.0078458,-0.03068,-0.059811,-0.094458,-0.12424,-0.13434,-0.11298,-0.057949,0.020459,0.10167,0.16151,0.18116,0.15481,0.093373,0.022416,-0.025172,-0.019389,0.05714,0.20317,0.39856,0.60976,0.79917,0.93516,0.99978,0.99171,0.92417,0.81895,0.69901,0.58229,0.47866,0.39043,0.31554,0.25158,0.19868,0.16006,0.14013,0.14127,0.16103,0.19109,0.21901,0.23204,0.22154,0.18641,0.13366,0.075972,0.026962,-0.0041075,-0.016015,-0.016172,-0.017749,-0.034357,-0.074311,-0.13673,-0.21108,-0.28048,-0.32756,-0.34077,-0.31856,-0.27,-0.21129,-0.15972,-0.12719,-0.11605,-0.11874,-0.12158,-0.11127,-0.081433,-0.036548,0.0084237,0.032963,0.018741,-0.042653,-0.14502,-0.26792,-0.38223,-0.45922,-0.47995,-0.44155,-0.35808,-0.25551,-0.16237,-0.099585,-0.072952,-0.071137,-0.07001,-0.041826,0.033969,0.16218,0.32865,0.5036,0.65048,0.73718
0.62511,0.5674,0.45438,0.31198,0.16913,0.04928,-0.035452,-0.08569,-0.11164,-0.12698,-0.14236,-0.16101,-0.1782,-0.18433,-0.17047,-0.13374,-0.080188,-0.023876,0.01774,0.03055,0.010055,-0.035293,-0.08517,-0.11281,-0.093124,-0.010873,0.13385,0.32465,0.53274,0.72438,0.86954,0.94904,0.95813,0.90581,0.8105,0.69388,0.57515,0.46727,0.3762,0.30253,0.24445,0.20041,0.17038,0.1553,0.15541,0.16829,0.18804,0.20606,0.21334,0.20346,0.1749,0.13171,0.082048,0.035104,-0.0024752,-0.029161,-0.049047,-0.069979,-0.099979,-0.14337,-0.19822,-0.2562,-0.30509,-0.33311,-0.33338,-0.30675,-0.26191,-0.21244,-0.17203,-0.1495,-0.14569,-0.15352,-0.16119,-0.15749,-0.13709,-0.10366,-0.069466,-0.051232,-0.063802,-0.11378,-0.19567,-0.29224,-0.37914,-0.43252,-0.43688,-0.39046,-0.30605,-0.20674,-0.11803,-0.058988,-0.035521,-0.038311,-0.046173,-0.033801,0.018769,0.11828,0.25477,0.40368,0.533,0.61299
0.47389,0.41973,0.32232,0.20144,0.079566,-0.024388,-0.099658,-0.14509,-0.16735,-0.17688,-0.18323,-0.19161,-0.20176,-0.20941,-0.20936,-0.19893,-0.18006,-0.1592,-0.1449,-0.144,-0.15792,-0.18055,-0.19881,-0.19581,-0.15579,-0.069254,0.06338,0.23087,0.41321,0.58614,0.72664,0.8179,0.85235,0.83221,0.76768,0.67356,0.56562,0.4577,0.36,0.2788,0.21711,0.1755,0.15277,0.14626,0.15177,0.16368,0.17553,0.18107,0.17573,0.15784,0.12913,0.094159,0.058745,0.027872,0.0038377,-0.014596,-0.031678,-0.052869,-0.082412,-0.12123,-0.16598,-0.2098,-0.24447,-0.26333,-0.26377,-0.24838,-0.22416,-0.20008,-0.18382,-0.17895,-0.18377,-0.19212,-0.19622,-0.19027,-0.17349,-0.15128,-0.1339,-0.13285,-0.15633,-0.2053,-0.2718,-0.34033,-0.39214,-0.41096,-0.38844,-0.3272,-0.24033,-0.14749,-0.06857,-0.017204,0.0036874,0.002801,-0.0026603,0.0069078,0.046432,0.1205,0.22107,0.32931,0.42101,0.47383
0.32012,0.26287,0.17932,0.083724,-0.0087155,-0.085675,-0.1403,-0.17198,-0.18529,-0.18768,-0.18682,-0.18848,-0.19547,-0.20775,-0.22352,-0.24051,-0.25701,-0.27221,-0.28576,-0.29691,-0.30359,-0.30195,-0.28663,-0.25176,-0.19246,-0.10638,0.0051769,0.13674,0.27908,0.4203,0.54744,0.64832,0.71324,0.73643,0.71693,0.65893,0.5713,0.46652,0.35879,0.26184,0.18655,0.139,0.11946,0.12258,0.13882,0.15697,0.16705,0.16279,0.14308,0.11189,0.07665,0.045704,0.0255,0.018525,0.022588,0.031675,0.038066,0.034967,0.01875,-0.0099678,-0.04675,-0.085067,-0.11867,-0.14369,-0.15979,-0.16977,-0.17806,-0.18854,-0.20264,-0.2186,-0.2321,-0.23823,-0.23394,-0.22002,-0.20176,-0.18779,-0.18736,-0.20696,-0.24734,-0.30222,-0.35922,-0.40294,-0.41932,-0.39993,-0.34476,-0.26254,-0.16839,-0.079487,-0.010064,0.032654,0.050284,0.05231,0.052624,0.064699,0.096962,0.14983,0.21532,0.27934,0.32588,0.34169
0.18925,0.12428,0.048457,-0.02723,-0.093047,-0.14246,-0.17301,-0.1861,-0.18601,-0.1786,-0.17008,-0.16598,-0.1705,-0.18607,-0.21297,-0.24923,-0.29066,-0.33132,-0.36444,-0.3836,-0.38408,-0.36377,-0.32343,-0.26612,-0.19598,-0.11671,-0.030487,0.062259,0.16202,0.2685,0.37873,0.48583,0.57907,0.64563,0.67373,0.65628,0.59374,0.49532,0.37772,0.2615,0.1662,0.10535,0.083133,0.093633,0.123,0.15391,0.1709,0.16495,0.13587,0.091842,0.046271,0.013177,0.0025649,0.017342,0.052662,0.097781,0.13964,0.16689,0.1729,0.15699,0.12355,0.079573,0.03184,-0.015265,-0.060479,-0.10479,-0.14951,-0.19431,-0.23614,-0.26968,-0.28922,-0.29133,-0.27709,-0.25296,-0.22967,-0.21916,-0.23069,-0.26722,-0.32355,-0.38693,-0.44021,-0.46656,-0.45438,-0.40088,-0.31301,-0.20559,-0.097117,-0.0045947,0.060968,0.097062,0.10947,0.10957,0.11009,0.12078,0.14535,0.18054,0.2175,0.24482,0.25225,0.23377
0.099133,0.025291,-0.050785,-0.11837,-0.16955,-0.20061,-0.21202,-0.20754,-0.19271,-0.17363,-0.15603,-0.14491,-0.14426,-0.15679,-0.18334,-0.22219,-0.2687,-0.31551,-0.35372,-0.37482,-0.37292,-0.34644,-0.29866,-0.23663,-0.1688,-0.10201,-0.039005,0.022499,0.088666,0.16655,0.26018,0.36724,0.47763,0.57484,0.63994,0.65715,0.61925,0.53081,0.40822,0.27593,0.16018,0.081885,0.050925,0.063784,0.10518,0.15324,0.1866,0.19104,0.16368,0.11338,0.057357,0.015323,0.0029797,0.027138,0.083842,0.15993,0.23727,0.29813,0.3298,0.32714,0.2925,0.23341,0.15924,0.078276,-0.0039111,-0.084243,-0.16067,-0.2304,-0.28892,-0.3305,-0.35014,-0.34619,-0.32244,-0.28859,-0.25842,-0.24609,-0.26147,-0.30631,-0.37251,-0.44349,-0.49835,-0.51771,-0.4895,-0.41264,-0.29766,-0.16385,-0.033838,0.072581,0.14351,0.17738,0.18213,0.17154,0.16012,0.15826,0.16925,0.18881,0.20733,0.21361,0.19889,0.15974
0.057022,-0.023124,-0.10651,-0.17989,-0.23304,-0.26106,-0.26479,-0.24953,-0.22292,-0.1927,-0.16519,-0.14469,-0.13367,-0.13328,-0.14365,-0.16382,-0.19125,-0.22161,-0.24889,-0.26647,-0.26873,-0.25278,-0.21955,-0.17364,-0.12177,-0.070208,-0.022185,0.023735,0.07339,0.1347,0.21393,0.31177,0.42088,0.52598,0.60703,0.64465,0.62634,0.55131,0.43218,0.29271,0.16185,0.065995,0.021574,0.030531,0.080091,0.14702,0.20505,0.23312,0.2218,0.17597,0.11279,0.055904,0.02769,0.04214,0.10055,0.19126,0.29329,0.3825,0.43814,0.44783,0.40958,0.33066,0.22415,0.1047,-0.014968,-0.12581,-0.22235,-0.30129,-0.36,-0.39588,-0.40704,-0.39404,-0.36172,-0.31993,-0.2824,-0.26358,-0.2742,-0.31713,-0.38503,-0.46096,-0.5222,-0.54632,-0.51775,-0.43272,-0.30097,-0.14353,0.012838,0.14279,0.22905,0.2664,0.26191,0.23157,0.19443,0.1664,0.15554,0.16039,0.17156,0.17583,0.16122,0.12123
0.059211,-0.02201,-0.11667,-0.20723,-0.27794,-0.31918,-0.32932,-0.31381,-0.28219,-0.24443,-0.20788,-0.17599,-0.14888,-0.12507,-0.10355,-0.085016,-0.071769,-0.066463,-0.070314,-0.081747,-0.096195,-0.10724,-0.10867,-0.096509,-0.07024,-0.03246,0.01274,0.062044,0.11468,0.17278,0.23987,0.31804,0.40485,0.49149,0.56333,0.60317,0.59649,0.53698,0.43036,0.29481,0.15738,0.047079,-0.013234,-0.01376,0.039051,0.1242,0.2124,0.27508,0.29324,0.2633,0.19809,0.12254,0.065547,0.05059,0.088167,0.17237,0.28259,0.38968,0.46434,0.48518,0.44384,0.34607,0.20863,0.053745,-0.097109,-0.2278,-0.32953,-0.40014,-0.44161,-0.45741,-0.45082,-0.42503,-0.38447,-0.33646,-0.29176,-0.26314,-0.26208,-0.29442,-0.35674,-0.43507,-0.50704,-0.54722,-0.53431,-0.458,-0.32306,-0.14924,0.033395,0.19235,0.30149,0.34789,0.33474,0.27934,0.20697,0.14268,0.10372,0.094933,0.10854,0.12796,0.13431,0.11313
0.093225,0.016794,-0.089096,-0.20229,-0.30013,-0.36637,-0.39499,-0.39008,-0.36215,-0.32284,-0.28026,-0.23674,-0.1897,-0.13496,-0.070804,-0.00082011,0.065812,0.11689,0.14163,0.13515,0.10115,0.051578,0.0032358,-0.027398,-0.029252,0.00026975,0.055325,0.12463,0.19614,0.26135,0.31758,0.36721,0.41438,0.46067,0.50187,0.52753,0.52395,0.47968,0.39157,0.26877,0.13269,0.012323,-0.063902,-0.0772,-0.02523,0.075978,0.19603,0.29912,0.35514,0.34926,0.28681,0.19156,0.097996,0.039955,0.039487,0.099519,0.20274,0.31696,0.40507,0.43622,0.39465,0.2834,0.12223,-0.05931,-0.23079,-0.36887,-0.46179,-0.50949,-0.5201,-0.50475,-0.47304,-0.43096,-0.38169,-0.3283,-0.27666,-0.23653,-0.21982,-0.23636,-0.28867,-0.36811,-0.45447,-0.51986,-0.53628,-0.48454,-0.36148,-0.18289,0.019487,0.20608,0.34053,0.4,0.38162,0.30263,0.19445,0.092496,0.025167,0.0055852,0.028674,0.074294,0.11508,0.12614
0.1418,0.074375,-0.039171,-0.17312,-0.29873,-0.39343,-0.4465,-0.45973,-0.44332,-0.40931,-0.36555,-0.31277,-0.2459,-0.15876,-0.049977,0.072868,0.19287,0.28787,0.33768,0.33164,0.27366,0.1824,0.086332,0.015157,-0.0093814,0.019984,0.094512,0.19338,0.29153,0.36831,0.41386,0.43068,0.43015,0.42569,0.42537,0.42738,0.42027,0.3882,0.31898,0.21175,0.080847,-0.046228,-0.13657,-0.16284,-0.1136,0.00097797,0.1505,0.29287,0.38727,0.40737,0.3501,0.23684,0.10651,0.0025912,-0.041285,-0.012584,0.076029,0.19094,0.28867,0.32989,0.29168,0.17403,-0.0012452,-0.19837,-0.37912,-0.51385,-0.58843,-0.60527,-0.57875,-0.52764,-0.46774,-0.40767,-0.349,-0.29016,-0.23161,-0.17963,-0.14638,-0.14581,-0.187,-0.26761,-0.37068,-0.46683,-0.52178,-0.50708,-0.41049,-0.24195,-0.032774,0.1723,0.32794,0.40172,0.38396,0.29033,0.15653,0.026581,-0.061182,-0.08582,-0.049379,0.025255,0.10319,0.14975
0.18755,0.12996,0.014259,-0.13216,-0.27713,-0.39419,-0.46939,-0.50234,-0.50192,-0.47899,-0.43981,-0.38297,-0.3013,-0.18776,-0.042439,0.12255,0.2832,0.40919,0.47336,0.46169,0.37978,0.25302,0.12,0.020967,-0.014599,0.022924,0.1209,0.24947,0.37226,0.45866,0.49335,0.47965,0.43566,0.38508,0.34642,0.32512,0.31166,0.28661,0.23045,0.13422,0.0065316,-0.12639,-0.22815,-0.2647,-0.21747,-0.092084,0.080987,0.25459,0.37944,0.42008,0.36686,0.23931,0.079831,-0.060418,-0.13866,-0.13471,-0.057414,0.058675,0.16528,0.21662,0.18432,0.066031,-0.11486,-0.31787,-0.49893,-0.62382,-0.67698,-0.66312,-0.60185,-0.51814,-0.4327,-0.35607,-0.28828,-0.22371,-0.15822,-0.095126,-0.046789,-0.030815,-0.062165,-0.14446,-0.26439,-0.39224,-0.48909,-0.5188,-0.46067,-0.31809,-0.11967,0.088092,0.25448,0.34022,0.32979,0.23608,0.095812,-0.042681,-0.13533,-0.15626,-0.10529,-0.006641,0.1003,0.17471
0.21715,0.16629,0.053848,-0.093113,-0.24257,-0.36802,-0.45517,-0.50273,-0.51796,-0.50935,-0.48031,-0.42676,-0.33985,-0.21258,-0.047304,0.13976,0.3194,0.45647,0.52077,0.49812,0.39712,0.24863,0.097641,-0.010147,-0.04252,0.0092545,0.12818,0.27786,0.41511,0.50438,0.5287,0.49343,0.42169,0.34342,0.28266,0.24796,0.22979,0.20595,0.15267,0.057082,-0.074311,-0.21479,-0.32513,-0.36733,-0.31937,-0.18541,0.0027951,0.19436,0.33495,0.38453,0.3308,0.19359,0.018388,-0.13881,-0.23028,-0.23239,-0.1531,-0.02871,0.08897,0.15027,0.12412,0.0076226,-0.17405,-0.37707,-0.55375,-0.66745,-0.70232,-0.66508,-0.57892,-0.47269,-0.36991,-0.28188,-0.20727,-0.13759,-0.065681,0.0069554,0.067575,0.095804,0.072246,-0.011448,-0.14542,-0.30086,-0.4367,-0.51203,-0.49986,-0.39739,-0.22851,-0.037468,0.12473,0.21643,0.21869,0.14097,0.017445,-0.10498,-0.18256,-0.18913,-0.12413,-0.011708,0.1084,0.19465
0.22408,0.17381,0.068288,-0.067197,-0.20419,-0.32025,-0.40422,-0.45608,-0.48206,-0.48785,-0.47327,-0.43118,-0.35121,-0.22684,-0.062554,0.12252,0.29674,0.424,0.47517,0.43884,0.32723,0.17441,0.027028,-0.069781,-0.086467,-0.018263,0.11381,0.27051,0.40783,0.4915,0.50738,0.46413,0.38738,0.30802,0.24919,0.21716,0.19966,0.1724,0.11106,0.0039457,-0.13988,-0.29068,-0.40682,-0.44936,-0.39719,-0.25683,-0.063022,0.13081,0.26922,0.3129,0.25196,0.10953,-0.065831,-0.21626,-0.29404,-0.27738,-0.17743,-0.033938,0.09849,0.16889,0.1466,0.030613,-0.15129,-0.3528,-0.52468,-0.63001,-0.65389,-0.60482,-0.50789,-0.39336,-0.28521,-0.19418,-0.11758,-0.04529,0.031186,0.11088,0.18044,0.21774,0.20067,0.11776,-0.024141,-0.19832,-0.36437,-0.48017,-0.51551,-0.4626,-0.33936,-0.18393,-0.042419,0.046301,0.063101,0.014272,-0.071663,-0.15469,-0.19773,-0.17951,-0.10157,0.012942,0.12787,0.20662
0.20935,0.15259,0.055203,-0.059886,-0.17011,-0.26028,-0.32553,-0.36941,-0.39845,-0.41597,-0.41821,-0.39483,-0.33383,-0.22885,-0.085634,0.075656,0.22378,0.32507,0.35455,0.30538,0.19307,0.052206,-0.073448,-0.14446,-0.13818,-0.055728,0.078971,0.22777,0.35143,0.42253,0.43346,0.3968,0.33813,0.28422,0.2514,0.23879,0.22902,0.19639,0.11925,-0.008411,-0.17092,-0.33338,-0.45218,-0.49016,-0.43091,-0.28666,-0.096582,0.084561,0.20379,0.22741,0.15251,0.0082702,-0.15355,-0.27588,-0.31543,-0.25717,-0.11926,0.053237,0.20335,0.28095,0.25861,0.13949,-0.04499,-0.24654,-0.41586,-0.51753,-0.53878,-0.48979,-0.39632,-0.28802,-0.18738,-0.10336,-0.031767,0.038328,0.11555,0.19858,0.27347,0.31733,0.30698,0.22924,0.088449,-0.091945,-0.27483,-0.42032,-0.4982,-0.49755,-0.42984,-0.32447,-0.21834,-0.14303,-0.1145,-0.12859,-0.16409,-0.19182,-0.18624,-0.13539,-0.045382,0.061794,0.15626,0.21068
0.18035,0.11173,0.021619,-0.069132,-0.14458,-0.19826,-0.23342,-0.25898,-0.28327,-0.30831,-0.32742,-0.32732,-0.29415,-0.22091,-0.11315,0.0099,0.11968,0.18715,0.19288,0.13486,0.03065,-0.087121,-0.18078,-0.21964,-0.18992,-0.098888,0.028296,0.15774,0.25877,0.31404,0.32429,0.30579,0.28185,0.27171,0.28131,0.29991,0.30395,0.2671,0.17251,0.022437,-0.15881,-0.33041,-0.44762,-0.47708,-0.40946,-0.26449,-0.086149,0.070759,0.15841,0.15202,0.058489,-0.085388,-0.22496,-0.30588,-0.2923,-0.17908,0.0062608,0.21232,0.38022,0.46214,0.4357,0.30976,0.11998,-0.083693,-0.25293,-0.35495,-0.37988,-0.33971,-0.26018,-0.16925,-0.086771,-0.019139,0.039498,0.10064,0.17265,0.25374,0.32983,0.3783,0.37621,0.30968,0.18072,0.0085464,-0.17516,-0.3356,-0.44537,-0.49233,-0.482,-0.43391,-0.37324,-0.32129,-0.2881,-0.27012,-0.25344,-0.22113,-0.16164,-0.074771,0.026973,0.12224,0.18827,0.20894
0.14813,0.066311,-0.018194,-0.085787,-0.12634,-0.14158,-0.14282,-0.1449,-0.15899,-0.18712,-0.22083,-0.24458,-0.24259,-0.20639,-0.13992,-0.059855,0.0093312,0.043858,0.029657,-0.031612,-0.12201,-0.21268,-0.27339,-0.28271,-0.23522,-0.14296,-0.030542,0.074156,0.15016,0.19058,0.20388,0.20888,0.22529,0.26374,0.31937,0.37187,0.39236,0.35483,0.24793,0.082258,-0.10988,-0.28303,-0.39275,-0.41072,-0.33527,-0.19334,-0.032677,0.093431,0.1439,0.10398,-0.0091224,-0.15139,-0.26625,-0.3033,-0.23526,-0.067533,0.16298,0.39905,0.58072,0.66333,0.63017,0.49592,0.30025,0.094237,-0.075384,-0.17901,-0.20993,-0.18196,-0.12073,-0.052336,0.0061198,0.050826,0.089362,0.13396,0.19317,0.26549,0.33776,0.38878,0.3968,0.34781,0.24133,0.09152,-0.076895,-0.23614,-0.3636,-0.44758,-0.4888,-0.49718,-0.48582,-0.46457,-0.43608,-0.39579,-0.33566,-0.25002,-0.1408,-0.01968,0.093882,0.17831,0.21704,0.20447
0.12417,0.032934,-0.04692,-0.096276,-0.10894,-0.092579,-0.064599,-0.044729,-0.047044,-0.074555,-0.11842,-0.16198,-0.18802,-0.18628,-0.15821,-0.11695,-0.082495,-0.073757,-0.10077,-0.16,-0.23482,-0.30101,-0.33542,-0.32431,-0.26831,-0.18185,-0.087423,-0.0067266,0.047733,0.077178,0.095321,0.12167,0.17195,0.24947,0.34111,0.42011,0.45482,0.42084,0.31177,0.14439,-0.044158,-0.20685,-0.3017,-0.30598,-0.22463,-0.089684,0.049779,0.14377,0.1585,0.088429,-0.040885,-0.18043,-0.27351,-0.27435,-0.16362,0.044556,0.3062,0.56048,0.74782,0.82714,0.78683,0.64619,0.44757,0.24222,0.074789,-0.028223,-0.062996,-0.045007,8.9077e-05,0.047487,0.082002,0.10168,0.1155,0.13675,0.17514,0.23094,0.29341,0.34409,0.36319,0.33672,0.26134,0.14537,0.0057123,-0.13784,-0.26843,-0.37598,-0.45759,-0.51497,-0.55031,-0.5628,-0.54762,-0.49805,-0.40981,-0.28572,-0.13838,0.010798,0.13626,0.21552,0.23621,0.20037
0.11724,0.025055,-0.04929,-0.086856,-0.083182,-0.048499,-0.0029365,0.031425,0.038693,0.01452,-0.033182,-0.088256,-0.1333,-0.15685,-0.15786,-0.14579,-0.13625,-0.14416,-0.17693,-0.23081,-0.29164,-0.33991,-0.35824,-0.33806,-0.28301,-0.20747,-0.13079,-0.069397,-0.030081,-0.0072184,0.01467,0.053826,0.12231,0.21883,0.32644,0.41664,0.45873,0.4313,0.33163,0.17923,0.011565,-0.12693,-0.19919,-0.1882,-0.10355,0.020947,0.13806,0.20299,0.18906,0.097712,-0.040636,-0.17559,-0.25271,-0.23133,-0.098227,0.12715,0.39779,0.65276,0.8349,0.90694,0.86103,0.71893,0.52352,0.3247,0.16464,0.067123,0.03384,0.048188,0.084322,0.11781,0.134,0.13142,0.11968,0.11328,0.12415,0.15599,0.20233,0.24878,0.27818,0.27649,0.23704,0.16171,0.059193,-0.05879,-0.18119,-0.29977,-0.409,-0.50401,-0.57825,-0.62232,-0.62519,-0.57781,-0.47771,-0.33281,-0.16234,0.0061424,0.14315,0.22523,0.24195,0.19913
0.13142,0.049363,-0.016624,-0.048193,-0.040728,-0.0035278,0.044619,0.082734,0.095146,0.076503,0.032658,-0.022664,-0.073906,-0.10995,-0.12816,-0.13472,-0.14117,-0.15879,-0.19314,-0.24102,-0.29113,-0.32836,-0.3397,-0.31955,-0.2722,-0.2102,-0.14931,-0.10202,-0.072257,-0.053578,-0.031911,0.0081163,0.075592,0.16759,0.26788,0.35103,0.39083,0.37021,0.28889,0.16558,0.033644,-0.069055,-0.11262,-0.085698,-0.0002927,0.11135,0.20698,0.24867,0.21628,0.11555,-0.022264,-0.14934,-0.21615,-0.18744,-0.054055,0.16312,0.41861,0.6553,0.82074,0.88174,0.8327,0.69534,0.51056,0.32525,0.17861,0.092239,0.066757,0.085258,0.12179,0.15147,0.15864,0.1407,0.10672,0.07215,0.051893,0.054485,0.079268,0.11715,0.15418,0.17618,0.17266,0.13876,0.075017,-0.014317,-0.12316,-0.24462,-0.37072,-0.49139,-0.59363,-0.66216,-0.68198,-0.64259,-0.54235,-0.39147,-0.2118,-0.032964,0.11448,0.20694,0.23424,0.20236
0.16529,0.10411,0.050476,0.021161,0.022078,0.047746,0.084473,0.11594,0.12911,0.1184,0.086751,0.0434,-0.00041825,-0.036164,-0.061118,-0.078797,-0.096599,-0.1218,-0.15759,-0.20097,-0.24329,-0.27339,-0.28206,-0.26585,-0.22872,-0.18077,-0.13422,-0.098579,-0.07663,-0.063253,-0.047603,-0.018024,0.032194,0.10057,0.17462,0.23521,0.26312,0.24656,0.18678,0.099469,0.010859,-0.050389,-0.062968,-0.020951,0.062993,0.16068,0.23714,0.26238,0.22213,0.12405,-0.0031309,-0.11756,-0.17688,-0.15166,-0.035198,0.15336,0.37389,0.57646,0.71543,0.76206,0.7118,0.58428,0.41626,0.25011,0.12156,0.050586,0.037746,0.066827,0.11217,0.14798,0.15649,0.13248,0.083208,0.024385,-0.026071,-0.054138,-0.053773,-0.028021,0.012694,0.054017,0.081478,0.0835,0.05304,-0.012004,-0.10908,-0.23137,-0.36802,-0.50441,-0.623,-0.70529,-0.73501,-0.70197,-0.60566,-0.45703,-0.27763,-0.095638,0.060318,0.16797,0.21687,0.21063
0.21265,0.17976,0.14204,0.11356,0.10183,0.10695,0.12296,0.14097,0.15265,0.15302,0.14144,0.12088,0.095838,0.070005,0.044639,0.018395,-0.011423,-0.046799,-0.087095,-0.12826,-0.1636,-0.18593,-0.1903,-0.17613,-0.1478,-0.11342,-0.08196,-0.059966,-0.049095,-0.04554,-0.041711,-0.029635,-0.0047842,0.031233,0.070348,0.10046,0.1099,0.092441,0.05074,-0.0031216,-0.050717,-0.07314,-0.057793,-0.0037071,0.076714,0.16048,0.2208,0.2358,0.19645,0.11082,0.0030219,-0.093067,-0.14371,-0.12573,-0.034171,0.11525,0.28992,0.44914,0.55544,0.58497,0.53377,0.41823,0.26968,0.12503,0.016207,-0.038155,-0.03673,0.0058624,0.064912,0.11388,0.13243,0.11185,0.056537,-0.018533,-0.093145,-0.14821,-0.17116,-0.15905,-0.11881,-0.064916,-0.015591,0.011481,0.0027929,-0.048541,-0.14171,-0.26841,-0.41398,-0.55942,-0.68391,-0.76795,-0.79649,-0.76196,-0.66617,-0.52075,-0.34549,-0.16484,-0.0030878,0.1206,0.19598,0.22338
0.26413,0.26154,0.24127,0.2138,0.18801,0.17001,0.16264,0.16575,0.17684,0.19195,0.20649,0.21594,0.21642,0.20512,0.18082,0.14422,0.098212,0.047715,-0.00094885,-0.041196,-0.067638,-0.077472,-0.071364,-0.053456,-0.030363,-0.0093714,0.0036583,0.005996,-0.0012408,-0.013675,-0.025431,-0.031488,-0.029789,-0.022286,-0.014407,-0.013032,-0.023581,-0.047276,-0.079656,-0.11109,-0.12937,-0.12373,-0.088995,-0.028374,0.046189,0.11663,0.16374,0.17314,0.14035,0.073245,-0.009137,-0.081353,-0.11867,-0.10449,-0.035768,0.075202,0.2035,0.31802,0.38993,0.40061,0.34693,0.24202,0.11166,-0.012996,-0.10396,-0.14388,-0.1303,-0.075606,-0.002762,0.061672,0.095245,0.085756,0.034186,-0.046244,-0.13442,-0.20769,-0.24836,-0.24853,-0.2121,-0.15358,-0.094149,-0.05627,-0.058187,-0.10966,-0.20981,-0.34741,-0.50322,-0.65387,-0.77617,-0.85113,-0.86695,-0.82062,-0.71783,-0.57168,-0.40012,-0.22299,-0.058828,0.077745,0.17781,0.23882
0.30934,0.33322,0.32886,0.30301,0.2654,0.2275,0.20041,0.19229,0.20627,0.23933,0.28278,0.32436,0.35137,0.35418,0.32885,0.27841,0.21208,0.14286,0.084047,0.045717,0.032229,0.041353,0.065281,0.093143,0.11422,0.12092,0.11058,0.085717,0.05268,0.019206,-0.0082516,-0.026592,-0.036879,-0.043658,-0.053031,-0.070131,-0.096849,-0.13058,-0.16448,-0.18918,-0.19562,-0.17804,-0.1363,-0.07669,-0.010924,0.04663,0.082734,0.089098,0.065104,0.018577,-0.035787,-0.080055,-0.09789,-0.079291,-0.023908,0.058112,0.14814,0.22354,0.26361,0.25517,0.19661,0.09874,-0.017505,-0.12632,-0.20368,-0.23374,-0.21304,-0.15146,-0.069433,0.0076586,0.056545,0.062466,0.023146,-0.050797,-0.13913,-0.21803,-0.26711,-0.27542,-0.24481,-0.18952,-0.13238,-0.098587,-0.10879,-0.17352,-0.29034,-0.4443,-0.61155,-0.76484,-0.87944,-0.93795,-0.93291,-0.8669,-0.75054,-0.59919,-0.42963,-0.25726,-0.094687,0.048672,0.16625,0.25382
0.3389,0.38086,0.38791,0.36368,0.31834,0.26738,0.22823,0.21553,0.23662,0.28885,0.35967,0.42991,0.47918,0.49201,0.46254,0.39647,0.30949,0.22262,0.15606,0.12326,0.12729,0.16036,0.20668,0.24764,0.26748,0.25785,0.21967,0.16203,0.098608,0.042894,0.0038921,-0.016366,-0.022786,-0.024828,-0.032717,-0.053589,-0.088851,-0.1336,-0.17816,-0.21124,-0.22357,-0.21085,-0.17522,-0.12476,-0.071215,-0.026767,-0.00068817,0.003148,-0.012732,-0.040103,-0.06724,-0.082022,-0.075209,-0.043078,0.011199,0.077806,0.14219,0.18827,0.2023,0.17651,0.11159,0.017338,-0.088965,-0.18621,-0.25437,-0.2796,-0.25798,-0.19694,-0.11372,-0.031021,0.02897,0.050616,0.029211,-0.027714,-0.10265,-0.17339,-0.2199,-0.23065,-0.20655,-0.16124,-0.11739,-0.10028,-0.13031,-0.21677,-0.35473,-0.52578,-0.7025,-0.85521,-0.95886,-0.99834,-0.97062,-0.88368,-0.75278,-0.5957,-0.42847,-0.26295,-0.10659,0.036045,0.16113,0.26397
0.34592,0.39561,0.40786,0.38434,0.33541,0.27895,0.23614,0.22535,0.25612,0.32537,0.41739,0.508,0.57158,0.58904,0.55392,0.4748,0.37286,0.27556,0.20821,0.18629,0.21087,0.2686,0.33624,0.38812,0.40418,0.37584,0.3081,0.21721,0.12488,0.051212,0.0084925,-0.0020354,0.010386,0.029952,0.040095,0.029112,-0.0062005,-0.059977,-0.11974,-0.17087,-0.20147,-0.20601,-0.18663,-0.15196,-0.11386,-0.083463,-0.067747,-0.067633,-0.078108,-0.090122,-0.093558,-0.080334,-0.046786,0.0051948,0.068431,0.13193,0.18315,0.21059,0.20618,0.16719,0.097221,0.0060871,-0.091572,-0.17884,-0.2399,-0.26361,-0.24639,-0.19354,-0.11845,-0.039646,0.023896,0.05774,0.056019,0.02311,-0.027737,-0.078598,-0.11276,-0.1205,-0.10293,-0.07246,-0.049625,-0.057014,-0.11215,-0.22148,-0.37745,-0.55951,-0.73897,-0.88604,-0.97709,-0.99978,-0.95482,-0.85404,-0.7157,-0.55883,-0.39862,-0.2442,-0.099234,0.03532,0.15788,0.26393
0.32682,0.37506,0.38657,0.36235,0.31284,0.25672,0.21635,0.21103,0.25045,0.3306,0.43385,0.53361,0.60226,0.61986,0.58085,0.49628,0.39085,0.29536,0.23713,0.23136,0.27629,0.35381,0.43526,0.49052,0.49752,0.44898,0.35433,0.23634,0.12362,0.04163,0.004997,0.013731,0.054178,0.10424,0.14088,0.1474,0.11813,0.059169,-0.014613,-0.085191,-0.1374,-0.16343,-0.16434,-0.14854,-0.1278,-0.11268,-0.10867,-0.11459,-0.12337,-0.12493,-0.10987,-0.072818,-0.014393,0.05876,0.13558,0.20323,0.25001,0.26765,0.25272,0.20704,0.13716,0.05331,-0.03217,-0.10656,-0.15871,-0.18103,-0.17106,-0.13231,-0.073912,-0.0088267,0.049086,0.088565,0.10397,0.096814,0.075152,0.050735,0.034722,0.033235,0.04431,0.057433,0.056089,0.022731,-0.055288,-0.18073,-0.34411,-0.52492,-0.69617,-0.83091,-0.90879,-0.92063,-0.86961,-0.769,-0.63733,-0.49275,-0.34869,-0.21195,-0.083868,0.0365,0.14866,0.24819
0.2814,0.32271,0.32992,0.30412,0.25566,0.20275,0.16686,0.16613,0.20909,0.29082,0.39341,0.49073,0.55635,0.57205,0.53413,0.45519,0.36064,0.28087,0.24147,0.25488,0.31598,0.40348,0.48648,0.53424,0.52606,0.45784,0.34347,0.21048,0.091475,0.014133,-0.0069319,0.025981,0.095199,0.17386,0.23452,0.25738,0.23541,0.17517,0.093244,0.0099212,-0.057574,-0.10002,-0.11781,-0.1191,-0.11534,-0.11618,-0.12553,-0.14012,-0.15095,-0.14688,-0.11893,-0.063873,0.014246,0.10489,0.19379,0.26665,0.3125,0.32596,0.30769,0.26347,0.20232,0.13441,0.069361,0.015152,-0.022441,-0.0401,-0.037113,-0.015469,0.020264,0.063506,0.10682,0.14354,0.1694,0.18364,0.18898,0.19033,0.19239,0.19701,0.2013,0.19733,0.17381,0.11957,0.0277,-0.10102,-0.25657,-0.42089,-0.57158,-0.68718,-0.75225,-0.76084,-0.71716,-0.63339,-0.52538,-0.40797,-0.29141,-0.18017,-0.074253,0.02764,0.12476,0.21222
0.21259,0.24639,0.24932,0.2226,0.17603,0.12638,0.093078,0.092144,0.13065,0.20355,0.29441,0.37999,0.43744,0.45191,0.42175,0.35965,0.28889,0.23589,0.22138,0.25312,0.32271,0.40774,0.47862,0.50805,0.47999,0.39523,0.2716,0.13887,0.029766,-0.029816,-0.028398,0.028091,0.11871,0.21437,0.28676,0.31642,0.29758,0.23825,0.15616,0.071978,0.0025156,-0.043966,-0.068882,-0.080852,-0.090854,-0.10696,-0.13064,-0.15595,-0.17169,-0.16574,-0.12975,-0.062619,0.028483,0.12987,0.22511,0.29948,0.34366,0.35553,0.33974,0.30544,0.26318,0.22204,0.18794,0.16328,0.14787,0.14033,0.13931,0.14421,0.15496,0.17148,0.19308,0.21817,0.24457,0.27001,0.29275,0.31159,0.32549,0.33267,0.32981,0.31193,0.27316,0.20854,0.11621,-0.00063428,-0.1331,-0.26751,-0.38797,-0.47992,-0.53353,-0.5458,-0.52074,-0.46752,-0.39725,-0.31959,-0.24046,-0.16161,-0.082108,-0.0011145,0.079495,0.15379
0.12576,0.1559,0.15821,0.13325,0.089457,0.04162,0.0068252,-0.00080419,0.025097,0.080594,0.15223,0.22112,0.26911,0.28497,0.26848,0.23083,0.19098,0.16909,0.17929,0.22403,0.29243,0.36304,0.41057,0.41419,0.36485,0.269,0.14744,0.02948,-0.055678,-0.087679,-0.060981,0.013761,0.11328,0.20897,0.27544,0.29754,0.27372,0.21495,0.13971,0.067198,0.011049,-0.024308,-0.043542,-0.05696,-0.075166,-0.10396,-0.14136,-0.17786,-0.19966,-0.19374,-0.15274,-0.078082,0.020001,0.12524,0.22011,0.29079,0.33076,0.3419,0.33284,0.31546,0.30074,0.29551,0.30099,0.31348,0.3267,0.33467,0.33414,0.32566,0.31315,0.3022,0.29797,0.30346,0.31868,0.34086,0.36549,0.38753,0.40239,0.40639,0.39665,0.37096,0.32769,0.26623,0.18771,0.095752,-0.0033041,-0.10094,-0.18791,-0.25621,-0.30091,-0.32118,-0.32013,-0.30333,-0.27664,-0.24417,-0.20716,-0.16431,-0.11352,-0.054197,0.010698,0.074031
0.028152,0.060917,0.068534,0.049585,0.010252,-0.03699,-0.076923,-0.096294,-0.088105,-0.053941,-0.0034148,0.049185,0.089958,0.11039,0.11044,0.098537,0.088351,0.093362,0.12122,0.16993,0.22745,0.275,0.29322,0.26904,0.20096,0.10073,-0.0092587,-0.10228,-0.15521,-0.15558,-0.10537,-0.02037,0.074763,0.15408,0.198,0.19862,0.16101,0.10029,0.035673,-0.016421,-0.047591,-0.05945,-0.061765,-0.06763,-0.087553,-0.12469,-0.17295,-0.21869,-0.24527,-0.23889,-0.19356,-0.11348,-0.011927,0.092753,0.18283,0.24643,0.28069,0.29179,0.29209,0.29541,0.31219,0.34617,0.39361,0.44501,0.48878,0.51521,0.51957,0.50329,0.47303,0.43814,0.40766,0.38769,0.3801,0.38279,0.39099,0.3991,0.40226,0.39722,0.3824,0.35736,0.32227,0.27764,0.22441,0.16443,0.10069,0.037279,-0.021335,-0.071374,-0.11079,-0.13977,-0.16044,-0.17566,-0.18746,-0.19577,-0.19798,-0.18982,-0.1673,-0.12902,-0.077971,-0.021903
-0.071877,-0.030467,-0.011615,-0.019937,-0.052286,-0.098478,-0.14438,-0.17633,-0.18544,-0.17021,-0.13647,-0.09489,-0.056679,-0.029373,-0.014168,-0.005912,0.0042154,0.024338,0.057544,0.099356,0.13819,0.15884,0.14798,0.099635,0.018616,-0.07951,-0.17225,-0.23669,-0.25661,-0.22779,-0.15965,-0.072579,0.0082952,0.060786,0.072303,0.043254,-0.013893,-0.079469,-0.13364,-0.16316,-0.1655,-0.14899,-0.12905,-0.12191,-0.13814,-0.1783,-0.23227,-0.28246,-0.30971,-0.29979,-0.24833,-0.16227,-0.057617,0.045821,0.13076,0.18773,0.21753,0.23016,0.24079,0.26416,0.30946,0.37734,0.45991,0.54346,0.61299,0.65666,0.66896,0.65156,0.61196,0.56048,0.50711,0.45893,0.41915,0.38759,0.36212,0.34035,0.32074,0.30284,0.28669,0.27197,0.25731,0.24035,0.21844,0.18973,0.15405,0.11321,0.070333,0.028706,-0.0096042,-0.044499,-0.077652,-0.11132,-0.14664,-0.18212,-0.21321,-0.23322,-0.23557,-0.21649,-0.17731,-0.12521
-0.16564,-0.11232,-0.078664,-0.07304,-0.095575,-0.13808,-0.18675,-0.22664,-0.2464,-0.24156,-0.21525,-0.17627,-0.13524,-0.10052,-0.07539,-0.057644,-0.041709,-0.022284,0.0020139,0.026684,0.042053,0.036625,0.0019058,-0.06313,-0.14981,-0.24094,-0.31525,-0.35392,-0.34686,-0.29661,-0.2183,-0.13541,-0.072696,-0.048519,-0.069128,-0.12693,-0.20327,-0.27488,-0.32164,-0.33321,-0.31206,-0.27202,-0.23294,-0.21328,-0.22336,-0.26147,-0.31436,-0.36167,-0.38284,-0.36404,-0.30268,-0.20808,-0.098199,0.0065218,0.089749,0.14426,0.17363,0.19022,0.21034,0.24841,0.31202,0.39957,0.50105,0.6014,0.68507,0.74027,0.76147,0.7497,0.71079,0.65274,0.58316,0.50784,0.43072,0.35481,0.28342,0.22085,0.17194,0.14071,0.12863,0.13328,0.14834,0.1649,0.17385,0.16863,0.147,0.11147,0.067928,0.023176,-0.017768,-0.053429,-0.085994,-0.11972,-0.15825,-0.20204,-0.24694,-0.28484,-0.30614,-0.30336,-0.2745,-0.22471
-0.24512,-0.1808,-0.13268,-0.11244,-0.12296,-0.15751,-0.2022,-0.24071,-0.2597,-0.25283,-0.22225,-0.17688,-0.1286,-0.087781,-0.059964,-0.044873,-0.038064,-0.034309,-0.031146,-0.030963,-0.040555,-0.068189,-0.1193,-0.19259,-0.27833,-0.3599,-0.41831,-0.43839,-0.41442,-0.35309,-0.27245,-0.19695,-0.15008,-0.14698,-0.18955,-0.26584,-0.35395,-0.42924,-0.47228,-0.47504,-0.44303,-0.39283,-0.34585,-0.32058,-0.32605,-0.3586,-0.40328,-0.43899,-0.44575,-0.41137,-0.33543,-0.22905,-0.11097,-0.0011974,0.085372,0.14326,0.17729,0.20006,0.22691,0.27053,0.33688,0.42362,0.52151,0.61763,0.69928,0.75705,0.78611,0.78571,0.75752,0.70393,0.62718,0.52975,0.41579,0.29257,0.17095,0.064286,-0.014359,-0.055848,-0.058148,-0.027773,0.021306,0.071184,0.10494,0.11137,0.087874,0.040586,-0.018437,-0.075797,-0.12152,-0.15226,-0.17172,-0.18836,-0.21112,-0.24504,-0.28845,-0.3329,-0.36594,-0.37578,-0.35608,-0.30896
-0.30413,-0.23372,-0.17554,-0.1431,-0.14087,-0.16292,-0.19531,-0.22113,-0.22648,-0.205,-0.15964,-0.101,-0.043194,0.0011893,0.024979,0.02786,0.014963,-0.0065714,-0.031446,-0.058763,-0.092133,-0.13727,-0.19808,-0.27308,-0.35363,-0.42534,-0.47215,-0.4819,-0.45136,-0.3886,-0.31169,-0.24377,-0.2061,-0.21134,-0.25943,-0.33761,-0.42452,-0.49721,-0.53852,-0.54232,-0.51496,-0.47229,-0.43354,-0.41416,-0.42021,-0.44614,-0.47681,-0.49276,-0.47697,-0.42062,-0.32598,-0.20541,-0.077244,0.040156,0.13385,0.19956,0.24182,0.27124,0.30015,0.3383,0.39018,0.45446,0.52551,0.59595,0.65901,0.70959,0.74405,0.75889,0.7496,0.71055,0.63649,0.52536,0.38119,0.21598,0.048988,-0.09667,-0.19955,-0.24592,-0.23425,-0.17646,-0.095178,-0.01772,0.031578,0.03809,0.00059278,-0.069312,-0.15179,-0.22579,-0.27601,-0.29743,-0.29604,-0.28547,-0.28104,-0.29346,-0.32453,-0.36632,-0.40426,-0.42277,-0.41132,-0.36877
-0.33953,-0.27027,-0.20906,-0.16922,-0.15526,-0.16147,-0.17437,-0.17792,-0.15952,-0.11467,-0.048505,0.026101,0.093027,0.13828,0.15419,0.14096,0.10531,0.056849,0.0039228,-0.049333,-0.10363,-0.16262,-0.22941,-0.30315,-0.37725,-0.44028,-0.47935,-0.48488,-0.45488,-0.39688,-0.32678,-0.26452,-0.2282,-0.2284,-0.265,-0.32743,-0.39838,-0.45967,-0.49818,-0.50981,-0.50003,-0.48097,-0.46619,-0.46506,-0.4788,-0.49968,-0.51347,-0.50437,-0.4605,-0.37804,-0.26261,-0.12755,0.010141,0.13472,0.2357,0.30972,0.35992,0.39346,0.41827,0.44054,0.46362,0.48851,0.51526,0.54425,0.57642,0.61208,0.64894,0.68022,0.69434,0.67683,0.61438,0.50003,0.33756,0.14331,-0.055869,-0.22833,-0.34579,-0.39135,-0.36486,-0.28358,-0.17778,-0.082313,-0.026781,-0.027332,-0.082713,-0.17575,-0.27968,-0.36719,-0.41902,-0.42943,-0.40677,-0.36924,-0.33749,-0.32697,-0.3425,-0.37709,-0.41519,-0.4389,-0.43491,-0.39944
-0.35204,-0.29097,-0.23387,-0.192,-0.16862,-0.15798,-0.14786,-0.1246,-0.078649,-0.0085688,0.077922,0.16622,0.23947,0.28372,0.29197,0.26541,0.212,0.14285,0.068151,-0.0058114,-0.077483,-0.14855,-0.221,-0.29413,-0.36295,-0.41876,-0.45183,-0.45513,-0.42763,-0.37574,-0.31226,-0.25297,-0.21202,-0.19789,-0.21117,-0.24507,-0.28839,-0.32979,-0.36168,-0.38246,-0.3961,-0.40946,-0.4284,-0.45426,-0.48209,-0.50147,-0.49949,-0.46498,-0.39236,-0.28376,-0.14868,-0.0014688,0.1425,0.27046,0.37459,0.45243,0.50552,0.53731,0.5513,0.55029,0.53699,0.51529,0.49143,0.47376,0.47083,0.48812,0.52452,0.57022,0.60728,0.61348,0.56866,0.46172,0.29601,0.090847,-0.12173,-0.30462,-0.42557,-0.46636,-0.42843,-0.33281,-0.21432,-0.11167,-0.056403,-0.064265,-0.13149,-0.2372,-0.35087,-0.44236,-0.49121,-0.49213,-0.45523,-0.40111,-0.35295,-0.32825,-0.33326,-0.36181,-0.39858,-0.42542,-0.42827,-0.40207
-0.34642,-0.29784,-0.24939,-0.20927,-0.17899,-0.15303,-0.1213,-0.073625,-0.0042806,0.085006,0.18476,0.2802,0.3555,0.3983,0.4029,0.37112,0.31074,0.2324,0.14608,0.058663,-0.026699,-0.10944,-0.18937,-0.26454,-0.33022,-0.37959,-0.40578,-0.40459,-0.37656,-0.32764,-0.26799,-0.20931,-0.16165,-0.13098,-0.11821,-0.1201,-0.13159,-0.14839,-0.16892,-0.1946,-0.22838,-0.27226,-0.32463,-0.37887,-0.4238,-0.44599,-0.43346,-0.37916,-0.28336,-0.1538,-0.0038403,0.15091,0.29618,0.42164,0.52179,0.59511,0.64224,0.66411,0.6612,0.63421,0.58581,0.52248,0.45525,0.39835,0.36575,0.36644,0.40005,0.45477,0.50869,0.53495,0.50935,0.41832,0.26453,0.068097,-0.13753,-0.31402,-0.42867,-0.46369,-0.42145,-0.3238,-0.20574,-0.1052,-0.05222,-0.060783,-0.12582,-0.22611,-0.33192,-0.41475,-0.456,-0.45179,-0.41268,-0.35873,-0.31187,-0.28832,-0.29369,-0.32214,-0.35958,-0.38953,-0.39917,-0.38354
-0.33063,-0.29453,-0.25474,-0.21676,-0.18108,-0.14319,-0.095907,-0.032751,0.048661,0.14473,0.24608,0.3398,0.41278,0.45513,0.46234,0.43568,0.38091,0.30598,0.21871,0.12528,0.029975,-0.063952,-0.153,-0.23249,-0.29651,-0.33901,-0.35558,-0.34507,-0.31054,-0.25883,-0.19888,-0.13951,-0.087248,-0.045273,-0.013688,0.0089772,0.023761,0.029701,0.023496,0.00070314,-0.041887,-0.1036,-0.17808,-0.25322,-0.31315,-0.34182,-0.32711,-0.26417,-0.15678,-0.016452,0.14054,0.29707,0.43877,0.55617,0.64493,0.70441,0.73552,0.73902,0.71513,0.66463,0.59094,0.502,0.41073,0.33319,0.28475,0.27513,0.30406,0.35947,0.41918,0.45617,0.44619,0.3754,0.24553,0.074757,-0.10629,-0.26261,-0.3644,-0.39548,-0.35773,-0.27029,-0.16371,-0.070889,-0.017686,-0.016071,-0.061826,-0.1373,-0.2181,-0.28125,-0.31231,-0.30903,-0.28077,-0.24408,-0.21637,-0.20985,-0.22781,-0.2643,-0.30706,-0.34232,-0.35958,-0.35477
-0.31393,-0.28587,-0.24991,-0.21058,-0.1691,-0.12337,-0.069412,-0.0037624,0.074399,0.16198,0.25212,0.33564,0.40314,0.4471,0.46323,0.4507,0.41157,0.34969,0.26964,0.17635,0.075154,-0.027772,-0.12511,-0.20871,-0.27066,-0.30491,-0.30885,-0.28433,-0.23743,-0.17712,-0.11298,-0.052795,-0.00098603,0.041745,0.077262,0.10789,0.13418,0.15358,0.16058,0.14858,0.11278,0.053154,-0.023671,-0.10459,-0.1723,-0.20924,-0.20203,-0.14498,-0.041667,0.095965,0.25058,0.40352,0.53871,0.64525,0.71803,0.75673,0.76386,0.74279,0.69686,0.62966,0.54629,0.45464,0.36572,0.29242,0.24661,0.23541,0.25796,0.30397,0.35516,0.38939,0.38662,0.33502,0.23514,0.10071,-0.044356,-0.17217,-0.25836,-0.28873,-0.26295,-0.19426,-0.10518,-0.020868,0.038056,0.060747,0.048089,0.010904,-0.034757,-0.073482,-0.095549,-0.099557,-0.091942,-0.083831,-0.086491,-0.10709,-0.14618,-0.19771,-0.25126,-0.29561,-0.32232,-0.32786
-0.30426,-0.27689,-0.23656,-0.18948,-0.14005,-0.089963,-0.038503,0.016359,0.076416,0.14189,0.2107,0.27856,0.33968,0.38781,0.41729,0.42383,0.40493,0.36013,0.29116,0.20211,0.099549,-0.0076139,-0.10877,-0.19287,-0.25024,-0.27456,-0.26438,-0.22376,-0.1615,-0.089236,-0.018574,0.041585,0.086952,0.11821,0.13976,0.15722,0.17463,0.19233,0.20639,0.20985,0.19551,0.15924,0.10281,0.034891,-0.029986,-0.074624,-0.083469,-0.046838,0.036234,0.15738,0.30071,0.44644,0.57527,0.6723,0.72934,0.74542,0.72543,0.67783,0.61224,0.53768,0.46179,0.39097,0.33081,0.28622,0.26102,0.25669,0.27109,0.29762,0.32558,0.34201,0.33475,0.29596,0.22491,0.12919,0.023462,-0.073725,-0.14459,-0.17665,-0.16598,-0.118,-0.045773,0.033755,0.10438,0.15463,0.18007,0.18315,0.17109,0.15245,0.13372,0.11721,0.10064,0.078665,0.045509,-0.002199,-0.06353,-0.13289,-0.20132,-0.25888,-0.29738,-0.31245
-0.30554,-0.27118,-0.21785,-0.1561,-0.095838,-0.043704,-0.0017351,0.032494,0.064335,0.099726,0.14282,0.19431,0.25085,0.30571,0.35023,0.37578,0.37558,0.34605,0.28761,0.20476,0.10566,0.0012071,-0.096224,-0.17445,-0.22334,-0.23662,-0.21335,-0.15849,-0.082315,0.0014316,0.078445,0.13707,0.171,0.18064,0.17256,0.15717,0.14517,0.14393,0.15492,0.17321,0.18925,0.19243,0.17537,0.13749,0.086422,0.03686,0.00679,0.01233,0.062655,0.15665,0.28241,0.41977,0.54526,0.63794,0.68446,0.68191,0.6377,0.56673,0.48696,0.41456,0.36037,0.32837,0.31629,0.31792,0.32589,0.33407,0.33858,0.33764,0.33043,0.31576,0.29156,0.25523,0.2051,0.14218,0.071385,0.0016689,-0.055482,-0.08872,-0.089981,-0.057031,0.0054725,0.086852,0.173,0.24987,0.30686,0.33882,0.34642,0.33461,0.30992,0.27779,0.2406,0.19741,0.1452,0.081157,0.0050938,-0.079045,-0.16316,-0.23662,-0.28892,-0.31264
-0.31577,-0.26922,-0.19717,-0.11634,-0.043484,0.0094619,0.038511,0.048139,0.049077,0.054235,0.074179,0.1136,0.16986,0.23383,0.29266,0.33332,0.34592,0.32586,0.27442,0.19805,0.1068,0.012516,-0.072717,-0.13793,-0.17435,-0.17655,-0.14358,-0.079845,0.0046895,0.095516,0.17601,0.23098,0.25052,0.23302,0.18614,0.12516,0.068908,0.03425,0.030862,0.058046,0.1048,0.15333,0.18509,0.18735,0.15816,0.10784,0.056346,0.027127,0.03945,0.10164,0.20756,0.33764,0.46419,0.55942,0.60365,0.59095,0.53062,0.44395,0.35745,0.29482,0.27024,0.285,0.32841,0.38229,0.42742,0.44949,0.44275,0.41035,0.36157,0.30732,0.25585,0.21025,0.1686,0.12648,0.080642,0.032156,-0.012388,-0.04224,-0.046005,-0.016,0.048222,0.13859,0.24009,0.33467,0.40628,0.44507,0.44957,0.4259,0.38459,0.33621,0.28746,0.23923,0.18729,0.12526,0.04864,-0.041686,-0.13803,-0.2271,-0.29362,-0.32505
-0.32666,-0.26725,-0.1764,-0.077157,0.0070765,0.059775,0.07603,0.063344,0.038324,0.020568,0.025924,0.061379,0.12317,0.19845,0.26974,0.32029,0.33876,0.32156,0.27282,0.20214,0.12161,0.043089,-0.023404,-0.070118,-0.091352,-0.083393,-0.045141,0.020585,0.10571,0.19657,0.27537,0.32381,0.32795,0.28311,0.19669,0.08767,-0.017676,-0.092963,-0.1196,-0.092823,-0.023688,0.064083,0.14153,0.18397,0.1794,0.13285,0.065113,0.0059519,-0.01593,0.017119,0.10521,0.23023,0.3613,0.46462,0.51447,0.50157,0.436,0.34386,0.25857,0.21007,0.21531,0.27336,0.36637,0.46607,0.54312,0.57621,0.55786,0.49515,0.4056,0.31011,0.22569,0.16068,0.114,0.078283,0.04533,0.01142,-0.019816,-0.038161,-0.030928,0.011256,0.089368,0.19378,0.30595,0.40356,0.46731,0.48684,0.46361,0.4097,0.34291,0.28006,0.23101,0.19557,0.16454,0.12438,0.063699,-0.020903,-0.12198,-0.22255,-0.30118,-0.33906
-0.32519,-0.25748,-0.15438,-0.043651,0.04662,0.097058,0.1029,0.074743,0.034098,0.0054872,0.0079451,0.048858,0.12209,0.21071,0.29307,0.34982,0.36949,0.35084,0.30173,0.23541,0.16596,0.10482,0.059233,0.032893,0.027573,0.044553,0.084662,0.14672,0.22519,0.30839,0.37896,0.41699,0.40566,0.33741,0.21849,0.069601,-0.078176,-0.19151,-0.24467,-0.22778,-0.15057,-0.0399,0.06838,0.14091,0.15774,0.11894,0.044615,-0.031982,-0.075932,-0.06282,0.012591,0.13424,0.27004,0.38271,0.44249,0.43731,0.37695,0.28966,0.21251,0.17892,0.20743,0.29572,0.42165,0.55072,0.64733,0.68569,0.65694,0.57019,0.44775,0.31664,0.19964,0.10934,0.046755,0.004766,-0.025759,-0.049834,-0.065001,-0.062157,-0.030163,0.037759,0.13868,0.25809,0.37271,0.45711,0.4919,0.47039,0.40114,0.30522,0.20907,0.13544,0.09571,0.086369,0.091075,0.087456,0.056222,-0.010792,-0.10667,-0.21103,-0.29673,-0.33921
-0.29706,-0.22983,-0.12661,-0.016726,0.070322,0.11477,0.11291,0.077649,0.03325,0.0064312,0.016971,0.071159,0.16019,0.26376,0.35725,0.41982,0.44042,0.42008,0.36993,0.30635,0.24533,0.19827,0.17043,0.16218,0.17166,0.19731,0.23867,0.29501,0.36252,0.43183,0.48741,0.51019,0.48301,0.39717,0.25776,0.085117,-0.088696,-0.22802,-0.30392,-0.30336,-0.23391,-0.12202,-0.0050677,0.080515,0.11096,0.082856,0.014048,-0.062764,-0.11151,-0.10546,-0.036652,0.081191,0.21735,0.33481,0.40312,0.40905,0.36116,0.28681,0.22265,0.20192,0.24306,0.34339,0.47997,0.61712,0.71782,0.75496,0.71876,0.6181,0.47591,0.32064,0.17739,0.061675,-0.022156,-0.077928,-0.112,-0.12776,-0.12287,-0.090522,-0.024026,0.077221,0.20341,0.33385,0.44123,0.49944,0.49227,0.41968,0.29906,0.16066,0.038335,-0.041114,-0.066491,-0.045433,-0.0011652,0.036167,0.040533,-0.00048998,-0.081134,-0.17941,-0.26486,-0.30937
-0.23112,-0.17503,-0.086462,0.0075646,0.079925,0.11304,0.10487,0.069214,0.030421,0.01448,0.039805,0.11091,0.21707,0.33617,0.44221,0.51354,0.53911,0.52077,0.47116,0.40855,0.35075,0.31034,0.29273,0.29711,0.31935,0.35494,0.40061,0.45375,0.51029,0.56229,0.59716,0.59937,0.55488,0.4568,0.31007,0.13311,-0.045108,-0.192,-0.28055,-0.29765,-0.24865,-0.15618,-0.053344,0.026692,0.061367,0.045895,-0.0055341,-0.065034,-0.10104,-0.089605,-0.022969,0.087514,0.21525,0.32767,0.39759,0.41274,0.38007,0.32323,0.27438,0.26297,0.30552,0.39984,0.52557,0.65066,0.74135,0.7722,0.73297,0.63016,0.48343,0.31852,0.15969,0.024166,-0.079531,-0.14973,-0.1876,-0.19336,-0.16481,-0.09885,0.004544,0.13794,0.28406,0.41721,0.50865,0.53476,0.485,0.36682,0.20522,0.036609,-0.10141,-0.1811,-0.19277,-0.14732,-0.07205,-0.0012204,0.035577,0.023155,-0.034656,-0.11705,-0.19413,-0.23768
-0.12368,-0.088391,-0.027925,0.036445,0.083318,0.099324,0.08422,0.051139,0.02199,0.019701,0.060082,0.14615,0.26678,0.40009,0.52014,0.60472,0.64153,0.6309,0.58454,0.52105,0.46008,0.4171,0.40045,0.41104,0.44429,0.49283,0.54889,0.60518,0.6546,0.68918,0.69967,0.67652,0.61236,0.5054,0.3622,0.19849,0.036956,-0.097726,-0.18533,-0.21601,-0.19345,-0.13406,-0.06205,-0.0018666,0.029514,0.027895,0.0028337,-0.026114,-0.036631,-0.011863,0.053253,0.14982,0.25775,0.3526,0.41397,0.43263,0.41379,0.37539,0.34201,0.33638,0.37164,0.44668,0.54619,0.64526,0.71675,0.7391,0.70186,0.60765,0.4702,0.30976,0.14767,0.0020568,-0.11417,-0.19304,-0.22995,-0.2221,-0.16835,-0.070651,0.063473,0.21889,0.37285,0.49793,0.56784,0.5645,0.4842,0.34037,0.16169,-0.014631,-0.15251,-0.2268,-0.23007,-0.1742,-0.086031,0.0013812,0.059252,0.071738,0.040044,-0.019281,-0.081083,-0.12093
0.018778,0.027175,0.051044,0.077057,0.091486,0.086104,0.062092,0.030507,0.0090884,0.016457,0.065668,0.15929,0.28769,0.43108,0.56478,0.66581,0.71909,0.72113,0.68038,0.61438,0.54466,0.49117,0.46773,0.47954,0.52321,0.5887,0.66227,0.72957,0.7779,0.79763,0.78281,0.7314,0.64532,0.5306,0.39724,0.25838,0.12875,0.022168,-0.051247,-0.087394,-0.089247,-0.066058,-0.030734,0.0039278,0.029029,0.042112,0.047567,0.054681,0.073933,0.11278,0.17244,0.24678,0.32387,0.38969,0.43279,0.44823,0.43958,0.41797,0.39876,0.39649,0.42016,0.46998,0.53686,0.60465,0.65434,0.66909,0.63835,0.56023,0.44161,0.2963,0.14205,-0.0025135,-0.12049,-0.19835,-0.22688,-0.20186,-0.1247,-0.0031525,0.14837,0.30939,0.45546,0.56197,0.60901,0.58624,0.4963,0.35537,0.19041,0.033224,-0.086987,-0.15075,-0.15296,-0.10353,-0.02399,0.059197,0.12238,0.15122,0.14391,0.11035,0.067534,0.033041
0.17938,0.15983,0.14587,0.13252,0.11384,0.086333,0.05175,0.01808,-0.0018047,0.0063791,0.053702,0.14372,0.26997,0.41621,0.55967,0.6764,0.74746,0.76399,0.72973,0.66023,0.57892,0.51104,0.47719,0.48827,0.54303,0.62889,0.72553,0.81022,0.86329,0.87232,0.83421,0.7547,0.64599,0.52321,0.40093,0.29051,0.19886,0.12851,0.078666,0.046697,0.029472,0.024254,0.029052,0.042546,0.063823,0.092104,0.12657,0.16626,0.20998,0.25617,0.30272,0.34692,0.38561,0.41568,0.43484,0.44249,0.44044,0.43296,0.42611,0.42636,0.43867,0.46463,0.50122,0.54073,0.57188,0.58217,0.56088,0.50192,0.40599,0.28125,0.14247,0.0086283,-0.10033,-0.16718,-0.1805,-0.13692,-0.041784,0.091505,0.24358,0.39214,0.51548,0.59598,0.623,0.59468,0.51824,0.40869,0.2861,0.17174,0.083986,0.034778,0.027468,0.056597,0.10971,0.17076,0.22422,0.25883,0.26988,0.25951,0.23502,0.20569
0.33374,0.29018,0.2446,0.19905,0.1537,0.10819,0.063635,0.024439,-0.0011495,-0.0023063,0.031317,0.10559,0.21833,0.3576,0.50292,0.62946,0.71431,0.74301,0.71435,0.64163,0.54977,0.46891,0.4261,0.43768,0.50457,0.6119,0.7332,0.83781,0.89923,0.90206,0.8453,0.74151,0.6121,0.48073,0.3667,0.28065,0.22346,0.18847,0.16569,0.14653,0.12713,0.10934,0.099244,0.10392,0.12799,0.17122,0.22802,0.28908,0.34429,0.38582,0.41032,0.4193,0.4179,0.41248,0.40828,0.40781,0.41075,0.41511,0.41904,0.4223,0.42671,0.43517,0.44969,0.46925,0.48848,0.49808,0.48701,0.44602,0.37138,0.2675,0.14732,0.030216,-0.06222,-0.1114,-0.10635,-0.046496,0.058231,0.18991,0.32689,0.44862,0.53966,0.59192,0.60492,0.58433,0.5395,0.481,0.41872,0.36087,0.31364,0.28132,0.26633,0.26903,0.2874,0.31695,0.35108,0.38216,0.40305,0.40878,0.39761,0.3712
0.45536,0.39528,0.32978,0.26545,0.20577,0.15116,0.1008,0.055375,0.019304,0.0012035,0.011891,0.060355,0.14907,0.27059,0.407,0.53324,0.62344,0.65873,0.63376,0.55965,0.462,0.37419,0.32774,0.3428,0.42175,0.54797,0.69046,0.81268,0.88302,0.88366,0.81484,0.69375,0.54837,0.40858,0.29762,0.22651,0.193,0.18505,0.18706,0.18657,0.17871,0.16725,0.16192,0.17339,0.20803,0.26447,0.33338,0.40032,0.45063,0.47448,0.46997,0.44346,0.40689,0.37335,0.35258,0.3481,0.35698,0.37206,0.38567,0.39302,0.39412,0.39305,0.39537,0.4044,0.41846,0.43005,0.42786,0.4008,0.34282,0.25654,0.15418,0.055246,-0.018499,-0.049212,-0.028219,0.041413,0.14583,0.26454,0.37629,0.46478,0.52225,0.55012,0.55659,0.55248,0.54691,0.54437,0.54426,0.54256,0.53493,0.51957,0.49879,0.47845,0.46562,0.4655,0.47882,0.50098,0.5232,0.53541,0.52955,0.50219
0.52225,0.45441,0.38282,0.31572,0.25687,0.20512,0.15661,0.10837,0.061894,0.024616,0.008484,0.025695,0.083104,0.17752,0.29403,0.40852,0.49408,0.52942,0.50645,0.43427,0.33781,0.25114,0.20736,0.22816,0.31655,0.45518,0.61096,0.74459,0.82194,0.82368,0.75026,0.62064,0.4657,0.3185,0.20485,0.13717,0.11332,0.12034,0.1412,0.16195,0.17656,0.18787,0.20459,0.23598,0.28644,0.35223,0.42176,0.47923,0.51024,0.50705,0.47162,0.41507,0.35393,0.30457,0.2779,0.2763,0.29385,0.31953,0.34207,0.35436,0.35579,0.35149,0.3491,0.35427,0.36715,0.38119,0.38509,0.36723,0.32087,0.24804,0.16051,0.077198,0.018664,0.00075473,0.029451,0.098898,0.19331,0.29212,0.37652,0.43511,0.46674,0.47954,0.48682,0.50136,0.53034,0.57271,0.62005,0.66018,0.68228,0.68132,0.66006,0.62802,0.59771,0.57975,0.57879,0.59174,0.60904,0.61833,0.60909,0.57638
0.52305,0.45522,0.38968,0.33405,0.28999,0.25312,0.21586,0.17185,0.12022,0.067702,0.027276,0.013754,0.037633,0.099664,0.18843,0.28228,0.35539,0.38612,0.36491,0.29869,0.21011,0.1313,0.094123,0.11987,0.21186,0.35351,0.5125,0.64997,0.73161,0.73737,0.66649,0.53681,0.37854,0.22501,0.10345,0.028721,0.0016871,0.012248,0.045315,0.087268,0.13044,0.17419,0.22251,0.27965,0.34577,0.41462,0.47441,0.51145,0.5153,0.48312,0.42165,0.34568,0.27375,0.2223,0.2007,0.20876,0.23771,0.27402,0.30471,0.32191,0.3251,0.32016,0.31575,0.31869,0.3302,0.34465,0.35149,0.33949,0.30187,0.24002,0.16439,0.091937,0.040978,0.025215,0.049165,0.10667,0.1831,0.26039,0.32322,0.36393,0.38453,0.3951,0.40922,0.43833,0.48699,0.55103,0.61907,0.6768,0.71235,0.72067,0.70524,0.67645,0.64746,0.62905,0.62561,0.63364,0.64349,0.64332,0.62397,0.58247
0.46076,0.39809,0.34618,0.31078,0.29042,0.27701,0.25926,0.22779,0.17962,0.12053,0.063827,0.025894,0.019947,0.050336,0.10964,0.17993,0.23807,0.2635,0.24573,0.18902,0.1122,0.043519,0.011906,0.037529,0.12465,0.25924,0.41227,0.54761,0.63215,0.64489,0.58237,0.45877,0.30114,0.14134,0.007663,-0.081503,-0.12021,-0.11344,-0.07275,-0.011086,0.0613,0.13843,0.21763,0.29687,0.37207,0.43588,0.47862,0.49124,0.46907,0.41467,0.33857,0.25711,0.18818,0.14605,0.13721,0.1588,0.20002,0.24618,0.28379,0.30483,0.30884,0.30185,0.29305,0.29026,0.29626,0.30732,0.31462,0.30785,0.27976,0.22971,0.16489,0.098583,0.046093,0.019819,0.025286,0.05957,0.11268,0.17137,0.22381,0.26355,0.29114,0.31304,0.33823,0.37404,0.42275,0.48046,0.53842,0.58644,0.61684,0.62746,0.62235,0.60998,0.59969,0.59771,0.60453,0.61457,0.61846,0.60692,0.5748,0.52347
0.35288,0.29754,0.26098,0.24717,0.25192,0.2642,0.26993,0.25723,0.2211,0.1658,0.10387,0.05211,0.025518,0.031643,0.067217,0.11856,0.16578,0.18961,0.17835,0.13283,0.067153,0.0049938,-0.027625,-0.010835,0.06207,0.18145,0.32308,0.45434,0.54303,0.5661,0.5157,0.40078,0.24421,0.076348,-0.072718,-0.17993,-0.23324,-0.23213,-0.18513,-0.10569,-0.0080884,0.095386,0.19535,0.28472,0.35743,0.40768,0.43021,0.42178,0.38313,0.32045,0.24529,0.1727,0.1177,0.091355,0.097585,0.13206,0.18355,0.23741,0.28012,0.30323,0.30546,0.29234,0.27337,0.25809,0.25225,0.25565,0.26231,0.26291,0.24858,0.21448,0.16206,0.099074,0.037404,-0.010487,-0.035168,-0.032721,-0.0053078,0.040193,0.094825,0.1504,0.20151,0.24615,0.28488,0.31925,0.3502,0.37732,0.39917,0.41447,0.42349,0.42875,0.43457,0.44554,0.46426,0.48959,0.51605,0.53507,0.53767,0.51788,0.4754,0.41656
0.2277,0.17954,0.15497,0.15703,0.18047,0.2131,0.23969,0.24688,0.22782,0.18474,0.12854,0.075331,0.04103,0.035725,0.059807,0.10333,0.14898,0.17787,0.17621,0.14078,0.080954,0.016706,-0.027252,-0.029294,0.021698,0.12177,0.25174,0.38165,0.47856,0.51548,0.47869,0.37144,0.21302,0.033615,-0.13332,-0.25899,-0.32526,-0.32731,-0.2727,-0.17765,-0.061929,0.055733,0.16083,0.24418,0.30131,0.33111,0.33449,0.31387,0.27337,0.21945,0.16111,0.10914,0.074253,0.064496,0.082749,0.12536,0.18256,0.24082,0.28649,0.30972,0.30727,0.28328,0.2477,0.21282,0.18904,0.18138,0.18772,0.19956,0.205,0.19279,0.15643,0.096674,0.021815,-0.054291,-0.11591,-0.14959,-0.1476,-0.10971,-0.042935,0.04046,0.12604,0.2004,0.25377,0.28145,0.28406,0.26681,0.23806,0.20767,0.18522,0.17837,0.19144,0.2244,0.27253,0.32696,0.37626,0.40896,0.41645,0.39552,0.34977,0.28917
0.11743,0.075553,0.05673,0.064345,0.094088,0.13506,0.17295,0.19444,0.19155,0.16451,0.12205,0.078895,0.050912,0.049644,0.077847,0.1278,0.18314,0.22391,0.23333,0.20406,0.14182,0.064832,-0.00097227,-0.029809,-0.0045137,0.077041,0.19978,0.33442,0.44501,0.4987,0.4751,0.37224,0.20736,0.012548,-0.17372,-0.31632,-0.39179,-0.39305,-0.32924,-0.22152,-0.096196,0.022325,0.1168,0.17938,0.21068,0.21676,0.20549,0.18372,0.15615,0.12598,0.096354,0.071703,0.057932,0.061107,0.085092,0.12914,0.18662,0.24574,0.2924,0.3143,0.30508,0.26687,0.21016,0.1509,0.10546,0.085206,0.092457,0.11928,0.14969,0.16468,0.14847,0.09412,0.0064542,-0.098487,-0.19751,-0.26661,-0.28763,-0.25342,-0.16986,-0.054329,0.068801,0.17434,0.24237,0.26257,0.23599,0.17388,0.094322,0.017605,-0.038347,-0.061552,-0.047925,-0.0014194,0.067395,0.1439,0.21258,0.26017,0.27833,0.26533,0.22634,0.17232
0.050077,0.014388,-0.0048107,-0.0029622,0.018384,0.051875,0.086427,0.11069,0.11692,0.10411,0.078932,0.05418,0.044632,0.061696,0.10854,0.17759,0.25158,0.30825,0.32752,0.29878,0.22585,0.12756,0.033346,-0.025197,-0.024305,0.043548,0.16573,0.31158,0.44024,0.51203,0.50002,0.39809,0.22319,0.01083,-0.19461,-0.35188,-0.43351,-0.43197,-0.35983,-0.24424,-0.11786,-0.0093499,0.063667,0.097217,0.099,0.083104,0.063751,0.050415,0.045921,0.047741,0.051453,0.054525,0.05857,0.069036,0.092421,0.1323,0.18601,0.24362,0.29011,0.31005,0.2934,0.24003,0.16112,0.076627,0.0092523,-0.023055,-0.013598,0.029995,0.08742,0.13175,0.13813,0.092225,-0.0042845,-0.1331,-0.26396,-0.36312,-0.40315,-0.37097,-0.27176,-0.12764,0.028376,0.16124,0.24287,0.25875,0.21061,0.11465,-0.0036647,-0.11652,-0.20034,-0.24055,-0.23339,-0.18522,-0.10961,-0.023579,0.056203,0.11645,0.1492,0.15267,0.13095,0.092882
0.042198,0.014431,-0.0086304,-0.021199,-0.021107,-0.010533,0.0046892,0.017268,0.021586,0.01667,0.007719,0.0052472,0.021709,0.066499,0.14104,0.23593,0.33173,0.4036,0.42892,0.39541,0.30693,0.18463,0.062469,-0.022147,-0.039822,0.0208,0.1479,0.30824,0.45575,0.54448,0.54211,0.43975,0.25492,0.026745,-0.19521,-0.3649,-0.45226,-0.45032,-0.37517,-0.25907,-0.13934,-0.04694,0.0017243,0.0073083,-0.015784,-0.046817,-0.067162,-0.066638,-0.045665,-0.012895,0.020213,0.045366,0.06132,0.074083,0.093421,0.12725,0.17643,0.23237,0.27873,0.29694,0.27353,0.20643,0.10766,0.00093129,-0.085385,-0.12763,-0.11544,-0.05633,0.025638,0.096875,0.12498,0.089584,-0.010184,-0.15434,-0.30721,-0.42775,-0.48161,-0.45141,-0.3418,-0.17819,0.00057046,0.15297,0.24579,0.26211,0.20426,0.091388,-0.047041,-0.1796,-0.28048,-0.33445,-0.33826,-0.29894,-0.23009,-0.14768,-0.066526,0.001944,0.050566,0.076441,0.080495,0.066877
0.094556,0.078306,0.051829,0.021378,-0.0072506,-0.030399,-0.047294,-0.059364,-0.068255,-0.073416,-0.070474,-0.051509,-0.0076226,0.066808,0.16974,0.28888,0.40251,0.48424,0.51069,0.46983,0.36694,0.22585,0.084044,-0.01721,-0.045246,0.013165,0.14612,0.31832,0.48019,0.58181,0.58756,0.48684,0.29738,0.060157,-0.1726,-0.35244,-0.44805,-0.45282,-0.38451,-0.27754,-0.17082,-0.095388,-0.065874,-0.078266,-0.11423,-0.14978,-0.16487,-0.15027,-0.10953,-0.055711,-0.0045791,0.032609,0.053769,0.066196,0.082328,0.11295,0.16081,0.21744,0.26495,0.28221,0.25335,0.1753,0.061137,-0.0624,-0.16272,-0.21216,-0.19791,-0.12751,-0.027686,0.063499,0.10867,0.083515,-0.014589,-0.16478,-0.32835,-0.46008,-0.52178,-0.49363,-0.37994,-0.20765,-0.018257,0.14396,0.24387,0.26388,0.2068,0.092839,-0.047687,-0.18324,-0.28875,-0.3501,-0.36481,-0.33947,-0.28568,-0.21598,-0.14114,-0.069248,-0.0059996,0.044434,0.078933,0.095622
0.19203,0.19172,0.16586,0.11992,0.062398,0.0024467,-0.052162,-0.096003,-0.12552,-0.13764,-0.12839,-0.092805,-0.026463,0.071429,0.19474,0.32857,0.45026,0.534,0.55789,0.51174,0.4025,0.25518,0.10798,0.0024831,-0.028456,0.028588,0.16197,0.33664,0.50307,0.61102,0.62413,0.53056,0.34657,0.1116,-0.12334,-0.31049,-0.41845,-0.43972,-0.39045,-0.30296,-0.2139,-0.15226,-0.13119,-0.14609,-0.17899,-0.20719,-0.21256,-0.18799,-0.13892,-0.079566,-0.02595,0.011355,0.031599,0.043593,0.060954,0.094867,0.14751,0.20905,0.25978,0.27696,0.24387,0.15767,0.03281,-0.10174,-0.21094,-0.26515,-0.25054,-0.1749,-0.066328,0.03506,0.08975,0.07183,-0.022073,-0.17091,-0.33507,-0.46824,-0.53129,-0.50395,-0.39054,-0.21826,-0.028836,0.13365,0.23467,0.2575,0.20567,0.099408,-0.031915,-0.1587,-0.25838,-0.31916,-0.33981,-0.32646,-0.2882,-0.23345,-0.16822,-0.09642,-0.021505,0.051795,0.11683,0.16585
0.3078,0.32696,0.30756,0.25316,0.17364,0.082549,-0.0060326,-0.080076,-0.13081,-0.15256,-0.14191,-0.097097,-0.018428,0.090209,0.21948,0.35359,0.4714,0.55018,0.57144,0.52739,0.42539,0.28871,0.15223,0.053861,0.023793,0.074868,0.1973,0.35985,0.51753,0.62387,0.64409,0.56505,0.39903,0.1799,-0.046858,-0.23726,-0.36072,-0.40726,-0.38783,-0.32832,-0.25948,-0.20654,-0.18199,-0.18371,-0.19849,-0.20923,-0.20261,-0.17429,-0.12982,-0.081126,-0.040369,-0.013996,0.0004404,0.013189,0.037312,0.081824,0.14591,0.21683,0.2729,0.29065,0.25395,0.16142,0.029318,-0.11185,-0.22612,-0.28358,-0.2707,-0.1958,-0.087354,0.014406,0.070219,0.054599,-0.035482,-0.17897,-0.3368,-0.46364,-0.52167,-0.49186,-0.37933,-0.21131,-0.02865,0.12623,0.22091,0.24073,0.19062,0.091158,-0.029271,-0.14323,-0.23103,-0.28373,-0.3021,-0.29272,-0.26326,-0.21901,-0.1618,-0.091419,-0.0084239,0.083138,0.17461,0.25377
0.41067,0.45014,0.44238,0.38858,0.2989,0.18976,0.07984,-0.013869,-0.078829,-0.10791,-0.098866,-0.05318,0.024865,0.1283,0.24691,0.36684,0.47115,0.54221,0.56573,0.53539,0.4565,0.34695,0.2344,0.14985,0.11917,0.15502,0.25188,0.38609,0.52135,0.61824,0.64518,0.58727,0.45044,0.25959,0.05121,-0.13686,-0.27551,-0.35107,-0.36679,-0.33915,-0.29061,-0.24167,-0.20486,-0.18273,-0.16982,-0.15739,-0.13863,-0.11218,-0.082311,-0.056168,-0.039306,-0.031784,-0.026797,-0.012787,0.021566,0.081387,0.16124,0.24448,0.30723,0.32584,0.28564,0.18751,0.049792,-0.095795,-0.2132,-0.27332,-0.26378,-0.1937,-0.091563,0.0033618,0.053446,0.034986,-0.05374,-0.19135,-0.33964,-0.4552,-0.50273,-0.46569,-0.35112,-0.18703,-0.01376,0.12798,0.20837,0.21562,0.15725,0.055528,-0.060754,-0.16514,-0.24011,-0.27958,-0.28708,-0.27117,-0.24003,-0.19778,-0.1436,-0.073893,0.013944,0.11773,0.22861,0.33193
0.4735,0.53024,0.53637,0.4913,0.40494,0.29497,0.18229,0.08594,0.019475,-0.010595,-0.0041544,0.034539,0.099054,0.18218,0.27616,0.37206,0.45925,0.52591,0.56103,0.55754,0.51563,0.44464,0.36244,0.29176,0.25422,0.26373,0.32143,0.41398,0.51617,0.59731,0.62958,0.59582,0.49441,0.33962,0.15747,-0.021443,-0.16996,-0.27065,-0.31859,-0.32029,-0.28951,-0.24183,-0.19007,-0.14188,-0.10002,-0.064485,-0.035192,-0.013541,-0.0021509,-0.002845,-0.014007,-0.028863,-0.036001,-0.022506,0.021075,0.095753,0.19123,0.2868,0.35625,0.37578,0.33222,0.22876,0.085855,-0.063633,-0.18372,-0.24636,-0.24059,-0.17654,-0.082809,0.0023657,0.043298,0.018582,-0.07156,-0.20479,-0.34328,-0.4454,-0.47867,-0.42982,-0.30887,-0.14591,0.018056,0.14327,0.20231,0.18684,0.10817,-0.0080577,-0.1308,-0.23297,-0.29813,-0.32276,-0.31373,-0.28285,-0.24063,-0.19195,-0.13509,-0.064185,0.02616,0.13616,0.25814,0.37694
0.4804,0.54739,0.56555,0.53402,0.46264,0.36902,0.2734,0.19338,0.14004,0.11681,0.12087,0.14626,0.18706,0.23935,0.30116,0.37081,0.44469,0.51571,0.57375,0.60804,0.61099,0.58173,0.52803,0.46524,0.41245,0.38667,0.3971,0.44145,0.50559,0.56713,0.6016,0.58959,0.52238,0.40452,0.25243,0.089853,-0.058418,-0.17249,-0.24126,-0.26336,-0.24545,-0.1989,-0.13624,-0.068669,-0.0050243,0.047974,0.085098,0.10247,0.098358,0.074751,0.038694,0.0024011,-0.018731,-0.010163,0.036692,0.12008,0.22608,0.33063,0.40539,0.42592,0.37986,0.272,0.12449,-0.02868,-0.15133,-0.21607,-0.2131,-0.15362,-0.066643,0.010131,0.042515,0.011214,-0.081415,-0.21155,-0.3411,-0.42963,-0.44726,-0.38425,-0.25431,-0.090587,0.064317,0.17089,0.20391,0.1588,0.051387,-0.088276,-0.22583,-0.33261,-0.39263,-0.40455,-0.37861,-0.33021,-0.27288,-0.21329,-0.15003,-0.076243,0.015234,0.12655,0.25152,0.3758
0.43065,0.49805,0.52249,0.50497,0.45593,0.39171,0.3293,0.2813,0.25306,0.24285,0.24471,0.25263,0.26417,0.28191,0.31213,0.36123,0.43151,0.51805,0.60847,0.68563,0.73286,0.73962,0.70563,0.64174,0.56706,0.50307,0.46683,0.46532,0.49305,0.53375,0.56537,0.56701,0.52526,0.43812,0.31537,0.17547,0.040388,-0.070069,-0.14248,-0.17172,-0.1605,-0.11709,-0.052595,0.021316,0.09371,0.15488,0.19662,0.21293,0.20137,0.16477,0.11232,0.059036,0.023048,0.020883,0.061946,0.14406,0.25193,0.35967,0.43721,0.45901,0.4124,0.30262,0.15265,-0.0026772,-0.12675,-0.19236,-0.19031,-0.13264,-0.048892,0.023349,0.05085,0.015948,-0.077148,-0.20318,-0.32364,-0.39914,-0.40223,-0.32659,-0.18956,-0.027195,0.11652,0.20263,0.20838,0.13304,-0.003217,-0.16645,-0.31965,-0.43318,-0.49174,-0.49593,-0.45856,-0.3976,-0.32864,-0.2597,-0.19003,-0.11294,-0.021077,0.088126,0.20925,0.32916
0.33825,0.3955,0.41832,0.41152,0.38679,0.35835,0.33773,0.32989,0.33226,0.33703,0.33574,0.32434,0.30638,0.29302,0.29946,0.33908,0.41747,0.5286,0.65496,0.77176,0.85403,0.8843,0.8581,0.78547,0.68785,0.5913,0.51847,0.48182,0.48042,0.50108,0.52334,0.52654,0.49631,0.42876,0.33097,0.21819,0.10891,0.019787,-0.038115,-0.06075,-0.050323,-0.013189,0.042401,0.10781,0.17447,0.23374,0.27694,0.29624,0.28675,0.24896,0.19063,0.1267,0.076556,0.058894,0.085522,0.15621,0.25668,0.361,0.43824,0.46162,0.4173,0.30977,0.16174,0.0080903,-0.11445,-0.1787,-0.17574,-0.11788,-0.034728,0.036546,0.063703,0.03043,-0.05782,-0.17522,-0.28386,-0.34621,-0.3377,-0.25519,-0.11865,0.034661,0.16133,0.22475,0.20568,0.1071,-0.047849,-0.22369,-0.38351,-0.49904,-0.55693,-0.55956,-0.52072,-0.45851,-0.38804,-0.31691,-0.24456,-0.16535,-0.073681,0.031318,0.14345,0.25051
0.22752,0.26587,0.27948,0.27813,0.27498,0.28131,0.30186,0.33274,0.36298,0.37932,0.3724,0.34201,0.29916,0.26373,0.25839,0.30068,0.39602,0.53432,0.69156,0.83609,0.93762,0.97609,0.94732,0.86376,0.75009,0.6352,0.54348,0.48798,0.46781,0.47024,0.47635,0.46811,0.43444,0.37416,0.29532,0.21157,0.13718,0.082743,0.052983,0.047009,0.060462,0.088191,0.12608,0.17129,0.22095,0.27046,0.31242,0.3375,0.33713,0.30734,0.25204,0.18398,0.12253,0.088273,0.096083,0.149,0.23538,0.33081,0.40466,0.42951,0.39027,0.29003,0.15013,0.004193,-0.11207,-0.17222,-0.16763,-0.11024,-0.028489,0.042286,0.071929,0.045805,-0.030091,-0.13105,-0.22198,-0.26935,-0.25275,-0.17208,-0.048132,0.083679,0.18417,0.22224,0.18383,0.075304,-0.079637,-0.24788,-0.39694,-0.50352,-0.55813,-0.56467,-0.5358,-0.48639,-0.4277,-0.36441,-0.29521,-0.21625,-0.12548,-0.025957,0.073716,0.16175
0.12586,0.14054,0.14019,0.13946,0.15234,0.18643,0.23927,0.29858,0.34646,0.36635,0.35019,0.30305,0.24325,0.19751,0.19264,0.24638,0.36067,0.51972,0.69378,0.84739,0.9496,0.98266,0.94645,0.85737,0.74221,0.6293,0.53994,0.48306,0.45445,0.44051,0.42483,0.39484,0.34624,0.28384,0.21876,0.16357,0.12734,0.11277,0.11612,0.12989,0.14674,0.16277,0.17878,0.19881,0.2268,0.263,0.30184,0.33264,0.34317,0.32481,0.2772,0.21035,0.14279,0.096118,0.087468,0.12275,0.19317,0.27666,0.34427,0.36934,0.33663,0.24802,0.12269,-0.0085541,-0.11301,-0.16661,-0.16163,-0.10897,-0.0341,0.031933,0.063251,0.047992,-0.0078318,-0.082759,-0.14767,-0.17618,-0.15405,-0.084275,0.01362,0.10989,0.17404,0.18426,0.13365,0.031378,-0.10121,-0.23788,-0.35535,-0.43912,-0.48541,-0.49921,-0.4897,-0.46523,-0.42995,-0.3834,-0.32274,-0.24644,-0.1575,-0.064376,0.020832,0.086457
0.056096,0.047521,0.03299,0.03054,0.053557,0.10518,0.1763,0.24817,0.29896,0.31204,0.28301,0.22277,0.15531,0.11066,0.11525,0.18292,0.30981,0.47468,0.64491,0.78606,0.87178,0.89092,0.84949,0.76718,0.66984,0.58068,0.51345,0.46957,0.44005,0.41103,0.37057,0.31399,0.24583,0.17785,0.12412,0.095244,0.094193,0.11527,0.14665,0.17526,0.19202,0.19521,0.19059,0.18824,0.19743,0.22174,0.25653,0.28996,0.30735,0.29731,0.25705,0.19484,0.12817,0.078176,0.062063,0.086442,0.14401,0.2151,0.27369,0.29602,0.26874,0.1937,0.087679,-0.022975,-0.11092,-0.15667,-0.15461,-0.11412,-0.055628,-0.0029496,0.025174,0.021338,-0.0085996,-0.048476,-0.078427,-0.082615,-0.055247,-0.0027628,0.058455,0.10785,0.12771,0.10887,0.05313,-0.028211,-0.11891,-0.20347,-0.2717,-0.32063,-0.35324,-0.37488,-0.38929,-0.39586,-0.38966,-0.36395,-0.31423,-0.24189,-0.15562,-0.06974,0.00018972,0.042942
0.030453,0.0041267,-0.01996,-0.022844,0.0062418,0.065335,0.13984,0.20743,0.24612,0.2427,0.19838,0.12954,0.063116,0.028095,0.045957,0.1234,0.24987,0.40066,0.54458,0.65349,0.71038,0.71342,0.67478,0.61486,0.55435,0.50697,0.47561,0.45291,0.42587,0.38251,0.31775,0.23639,0.15188,0.081573,0.040273,0.034696,0.060924,0.10587,0.15213,0.18435,0.19462,0.18483,0.16516,0.14929,0.14841,0.16621,0.19708,0.22816,0.24442,0.23496,0.19787,0.14181,0.083452,0.041709,0.030828,0.054867,0.10569,0.16532,0.21179,0.22654,0.20062,0.13761,0.052193,-0.034957,-0.10407,-0.14251,-0.14807,-0.12847,-0.097384,-0.068678,-0.051247,-0.046265,-0.047828,-0.046502,-0.034188,-0.0082622,0.02673,0.060491,0.080895,0.078792,0.051716,0.0049787,-0.050319,-0.10156,-0.13943,-0.16128,-0.17173,-0.18009,-0.19578,-0.2235,-0.26033,-0.29596,-0.31622,-0.30867,-0.26794,-0.19885,-0.11567,-0.037743,0.017143,0.039213
0.047951,0.013013,-0.012266,-0.010837,0.023388,0.082906,0.14913,0.19918,0.21452,0.18825,0.12832,0.055516,-0.003318,-0.024213,0.0058313,0.084532,0.19525,0.31276,0.41168,0.47458,0.49685,0.48675,0.46091,0.43699,0.42655,0.43073,0.44027,0.43983,0.41477,0.35779,0.27271,0.1741,0.082654,0.01826,-0.0068384,0.0078835,0.051333,0.105,0.14962,0.17184,0.16834,0.1461,0.11875,0.10058,0.10063,0.11904,0.14714,0.17116,0.17792,0.16046,0.12119,0.071373,0.027223,0.0038815,0.0097389,0.043152,0.092795,0.14149,0.17204,0.17296,0.14197,0.086062,0.018464,-0.046388,-0.097702,-0.13123,-0.14926,-0.15792,-0.16317,-0.16735,-0.16783,-0.15834,-0.13256,-0.088239,-0.030033,0.030388,0.077378,0.096525,0.080115,0.030679,-0.03895,-0.10936,-0.16093,-0.18056,-0.16636,-0.12832,-0.084791,-0.055714,-0.055195,-0.086083,-0.13864,-0.19385,-0.23026,-0.23184,-0.19398,-0.12536,-0.044987,0.024654,0.065681,0.071263
0.095801,0.062657,0.046062,0.05869,0.10036,0.15792,0.21021,0.2362,0.22331,0.17261,0.098992,0.0262,-0.02144,-0.027558,0.010649,0.081765,0.16464,0.23629,0.28022,0.29199,0.28014,0.26197,0.25609,0.27453,0.31741,0.37237,0.41889,0.43595,0.41011,0.34102,0.24221,0.13691,0.050388,0.001577,-0.0029305,0.029547,0.081105,0.13011,0.15899,0.16002,0.13716,0.10337,0.074693,0.063525,0.073639,0.098947,0.12629,0.1411,0.13354,0.10281,0.057735,0.01357,-0.013807,-0.013996,0.013869,0.06067,0.11056,0.14664,0.15681,0.13755,0.094322,0.038566,-0.017372,-0.06512,-0.10299,-0.13542,-0.16943,-0.20971,-0.25466,-0.29515,-0.31705,-0.30666,-0.25699,-0.17244,-0.069607,0.02655,0.090103,0.10277,0.060578,-0.023934,-0.12509,-0.21205,-0.25878,-0.25259,-0.19815,-0.11565,-0.033587,0.02119,0.032738,0.0012323,-0.057593,-0.11853,-0.15621,-0.15421,-0.11067,-0.038449,0.040094,0.1017,0.13082,0.12513
0.15421,0.13185,0.13266,0.16349,0.21716,0.27511,0.31458,0.31766,0.27857,0.2065,0.12258,0.052357,0.016476,0.023166,0.065423,0.12396,0.17486,0.19891,0.18917,0.15375,0.11268,0.090069,0.10448,0.16112,0.24894,0.34379,0.41656,0.44334,0.41395,0.33566,0.23078,0.12898,0.057243,0.030984,0.049559,0.097597,0.15149,0.18844,0.19469,0.16982,0.12588,0.081697,0.054915,0.054892,0.079168,0.11482,0.14404,0.15157,0.13112,0.088064,0.037482,-0.0017139,-0.014219,0.0055894,0.051313,0.10682,0.15223,0.17116,0.15649,0.11226,0.051182,-0.011202,-0.063198,-0.10168,-0.13281,-0.16841,-0.21939,-0.28909,-0.36939,-0.44156,-0.48206,-0.47118,-0.40159,-0.28313,-0.14187,-0.013114,0.069398,0.084513,0.030974,-0.071691,-0.18923,-0.28374,-0.32587,-0.30421,-0.22829,-0.12456,-0.026616,0.0366,0.050555,0.019378,-0.036689,-0.089482,-0.11359,-0.09551,-0.037978,0.041925,0.11997,0.17435,0.19392,0.18197
0.20301,0.1967,0.22014,0.27415,0.34491,0.40897,0.4423,0.42991,0.37204,0.28471,0.1941,0.12701,0.10089,0.11739,0.16192,0.20942,0.23435,0.22092,0.16975,0.098273,0.034645,0.0072422,0.033739,0.11381,0.22827,0.3451,0.43021,0.45913,0.42534,0.34229,0.23839,0.14685,0.094257,0.091719,0.132,0.19326,0.24794,0.27323,0.25926,0.21201,0.15016,0.097092,0.071605,0.080656,0.11707,0.16289,0.1969,0.20331,0.17806,0.13035,0.078866,0.044164,0.040315,0.06915,0.11931,0.17049,0.20113,0.19647,0.1539,0.083243,0.0022487,-0.071116,-0.12618,-0.16385,-0.19569,-0.23816,-0.30417,-0.39545,-0.49912,-0.59012,-0.63921,-0.62364,-0.53672,-0.39237,-0.22277,-0.069262,0.030316,0.053774,0.0017632,-0.10253,-0.22115,-0.31403,-0.35199,-0.32575,-0.24779,-0.14665,-0.055942,-0.0021324,0.0044977,-0.027469,-0.074941,-0.10983,-0.10997,-0.067292,0.0097117,0.1,0.17868,0.22691,0.23906,0.22445
0.22797,0.23792,0.28424,0.36287,0.45449,0.53142,0.56813,0.55108,0.48435,0.38862,0.29383,0.22828,0.20818,0.23176,0.28014,0.32479,0.3387,0.30724,0.23436,0.14187,0.061785,0.024635,0.047994,0.12946,0.24681,0.3653,0.44958,0.47579,0.43961,0.35729,0.25946,0.18,0.14406,0.15968,0.2158,0.28722,0.34454,0.36518,0.34134,0.28223,0.20976,0.14978,0.12209,0.13332,0.17506,0.22793,0.26963,0.28383,0.26635,0.22619,0.18129,0.15071,0.14649,0.16849,0.2042,0.2336,0.23704,0.203,0.13251,0.038457,-0.059844,-0.14471,-0.20734,-0.25126,-0.29034,-0.34207,-0.41866,-0.51969,-0.62946,-0.72055,-0.76269,-0.73392,-0.62986,-0.46751,-0.28171,-0.11526,-0.0058293,0.025818,-0.017874,-0.11262,-0.22092,-0.30478,-0.3382,-0.3149,-0.24883,-0.16752,-0.10085,-0.069658,-0.078288,-0.1137,-0.15133,-0.16517,-0.13813,-0.068654,0.028848,0.12988,0.20959,0.25251,0.25846,0.24238
0.22499,0.24623,0.31052,0.4109,0.52428,0.61951,0.66868,0.65761,0.59135,0.49272,0.39435,0.32691,0.30821,0.33692,0.39343,0.44754,0.47003,0.44401,0.37152,0.27319,0.18088,0.12607,0.12822,0.18751,0.28448,0.38687,0.46094,0.48336,0.44921,0.37322,0.2841,0.21392,0.18661,0.20972,0.27235,0.34976,0.41284,0.43878,0.41902,0.36168,0.28785,0.2233,0.18901,0.19391,0.23254,0.28823,0.34009,0.37123,0.3746,0.35457,0.32376,0.29664,0.28272,0.2821,0.28535,0.27747,0.24438,0.17915,0.085239,-0.024583,-0.13324,-0.22629,-0.29776,-0.35239,-0.40316,-0.46487,-0.54624,-0.64398,-0.74135,-0.8123,-0.83012,-0.77756,-0.65458,-0.48077,-0.291,-0.12561,-0.018226,0.014448,-0.022607,-0.10516,-0.19847,-0.26928,-0.29665,-0.27803,-0.22831,-0.17266,-0.1358,-0.13198,-0.15943,-0.20115,-0.23188,-0.22827,-0.1783,-0.086377,0.028027,0.13763,0.21767,0.25542,0.25502,0.23588
0.20075,0.22433,0.2975,0.41274,0.54514,0.66069,0.72826,0.7307,0.67124,0.57263,0.46934,0.39563,0.37368,0.40611,0.47556,0.55135,0.60088,0.60143,0.54834,0.45643,0.35439,0.27425,0.23978,0.25812,0.3176,0.39233,0.45197,0.47277,0.44608,0.3811,0.30118,0.235,0.20609,0.22442,0.28313,0.36134,0.43196,0.47136,0.46751,0.42368,0.35657,0.28992,0.24599,0.23822,0.2674,0.32272,0.38654,0.44113,0.47441,0.48284,0.47054,0.44553,0.41494,0.38135,0.34179,0.28976,0.21904,0.12765,0.019884,-0.094573,-0.20407,-0.29964,-0.37863,-0.44564,-0.51006,-0.58095,-0.66138,-0.74463,-0.81428,-0.84851,-0.82768,-0.74227,-0.59836,-0.41819,-0.23516,-0.084636,0.0064557,0.027664,-0.012186,-0.088502,-0.16958,-0.22735,-0.24647,-0.22845,-0.18953,-0.15311,-0.1397,-0.1583,-0.2023,-0.25171,-0.28076,-0.2679,-0.20463,-0.099376,0.024952,0.13899,0.21766,0.24951,0.24117,0.21498
0.16992,0.18502,0.25566,0.37601,0.52105,0.65463,0.74169,0.76045,0.7102,0.6119,0.50134,0.41717,0.38787,0.42244,0.50763,0.61293,0.70131,0.7419,0.72022,0.64248,0.53261,0.42327,0.3443,0.31264,0.32724,0.37067,0.41647,0.43937,0.42476,0.37376,0.3024,0.23532,0.19648,0.20025,0.24627,0.31962,0.39626,0.45145,0.46833,0.44339,0.38725,0.32059,0.267,0.24522,0.26355,0.31802,0.39463,0.4744,0.5393,0.57684,0.58208,0.55688,0.50712,0.43949,0.35915,0.26907,0.17086,0.066314,-0.041461,-0.14804,-0.24893,-0.34136,-0.42558,-0.50464,-0.58244,-0.66066,-0.7357,-0.79745,-0.83077,-0.8197,-0.75337,-0.63146,-0.46697,-0.28495,-0.11689,0.0075872,0.06929,0.065145,0.0090646,-0.072627,-0.14979,-0.19821,-0.20718,-0.18211,-0.14144,-0.10874,-0.10306,-0.13103,-0.18369,-0.23935,-0.27148,-0.25877,-0.19366,-0.085921,0.040061,0.15358,0.22857,0.25316,0.23437,0.19593
0.14981,0.14622,0.20293,0.31742,0.466,0.61115,0.71389,0.74704,0.70488,0.60558,0.48569,0.38823,0.3486,0.38288,0.48269,0.61804,0.74736,0.8311,0.84433,0.78405,0.66912,0.53294,0.41175,0.33262,0.30544,0.32117,0.35686,0.38522,0.3851,0.34909,0.28574,0.21573,0.16366,0.14865,0.17709,0.24028,0.31748,0.38326,0.41645,0.40743,0.36128,0.29595,0.23607,0.20485,0.21669,0.27296,0.36201,0.46318,0.55301,0.61171,0.62771,0.59922,0.53287,0.44033,0.33435,0.22552,0.12059,0.022325,-0.069533,-0.15695,-0.24247,-0.32844,-0.41637,-0.50629,-0.59573,-0.67881,-0.74585,-0.78424,-0.7809,-0.72609,-0.61755,-0.46358,-0.28354,-0.10494,0.042461,0.13425,0.15825,0.11844,0.034226,-0.064975,-0.14845,-0.19343,-0.19183,-0.15211,-0.095558,-0.048115,-0.03062,-0.050883,-0.10048,-0.15756,-0.19471,-0.18922,-0.13186,-0.031117,0.089119,0.19755,0.26658,0.28245,0.2508,0.19533
0.15422,0.12469,0.15829,0.25662,0.39841,0.5458,0.65664,0.6988,0.66151,0.55973,0.42997,0.31866,0.26706,0.29769,0.40673,0.56511,0.72782,0.84817,0.89241,0.84969,0.73442,0.58032,0.42865,0.31467,0.25703,0.25347,0.28388,0.31932,0.33335,0.31169,0.25673,0.18565,0.12313,0.091501,0.10211,0.15102,0.22046,0.28539,0.32264,0.31939,0.27776,0.21421,0.15394,0.12229,0.1363,0.19909,0.29895,0.41305,0.51444,0.57981,0.59556,0.56041,0.48418,0.38353,0.27635,0.17673,0.091919,0.021802,-0.039357,-0.099921,-0.16769,-0.24741,-0.33934,-0.43896,-0.5374,-0.62255,-0.68064,-0.69834,-0.66547,-0.57799,-0.44052,-0.26763,-0.08278,0.085283,0.2085,0.26635,0.25173,0.17379,0.056467,-0.067431,-0.16501,-0.21256,-0.20223,-0.14395,-0.061635,0.015111,0.06119,0.064649,0.030718,-0.020248,-0.060316,-0.06441,-0.019942,0.067915,0.17737,0.27738,0.33873,0.34501,0.2993,0.22412
0.18841,0.13029,0.13554,0.20993,0.3353,0.4747,0.58436,0.62861,0.5925,0.48772,0.34968,0.22637,0.16278,0.18599,0.29599,0.46526,0.6474,0.79163,0.85862,0.83215,0.72308,0.5645,0.40003,0.26949,0.19678,0.18401,0.21332,0.25536,0.28102,0.27203,0.22677,0.15953,0.093772,0.052399,0.048609,0.080889,0.1338,0.18415,0.21003,0.19938,0.15481,0.093014,0.038988,0.017213,0.042995,0.11697,0.22459,0.34074,0.43752,0.49279,0.49627,0.45165,0.37413,0.28458,0.20263,0.14081,0.10167,0.078371,0.058136,0.027127,-0.024939,-0.10174,-0.19942,-0.30765,-0.41185,-0.49595,-0.545,-0.54739,-0.49686,-0.39411,-0.24802,-0.075832,0.098295,0.24675,0.34374,0.37145,0.32532,0.21668,0.071437,-0.075532,-0.18908,-0.24319,-0.22818,-0.15336,-0.043838,0.06751,0.15067,0.1881,0.18004,0.14373,0.10657,0.095684,0.12744,0.20087,0.29736,0.38709,0.43987,0.43668,0.37764,0.28329
0.24688,0.16266,0.13925,0.18593,0.28795,0.41055,0.51033,0.55009,0.51211,0.40505,0.2621,0.13056,0.056473,0.069277,0.17178,0.33883,0.52506,0.67918,0.75992,0.74834,0.65257,0.50375,0.34478,0.21605,0.14308,0.13005,0.16101,0.20781,0.24156,0.24308,0.20891,0.15088,0.089928,0.046803,0.033534,0.048797,0.078916,0.10389,0.10598,0.0774,0.024123,-0.035683,-0.078062,-0.082096,-0.037869,0.049369,0.16038,0.268,0.34595,0.37722,0.35918,0.30371,0.23253,0.16951,0.13273,0.12887,0.15178,0.18528,0.20904,0.20525,0.164,0.085781,-0.019202,-0.13418,-0.24008,-0.31951,-0.35939,-0.35237,-0.29706,-0.19799,-0.065574,0.084099,0.23015,0.34913,0.41894,0.42389,0.35969,0.23647,0.078516,-0.08027,-0.20425,-0.26534,-0.2509,-0.16748,-0.038911,0.10094,0.21865,0.29155,0.31438,0.29996,0.27348,0.26253,0.28619,0.34737,0.43116,0.50998,0.55386,0.54219,0.47248,0.36283
0.3146,0.21129,0.16398,0.18419,0.26034,0.36087,0.44459,0.47494,0.433,0.32495,0.18092,0.04566,-0.036154,-0.034748,0.054602,0.20968,0.38825,0.54145,0.62903,0.63137,0.55446,0.42632,0.28665,0.17335,0.11083,0.10369,0.13774,0.18734,0.22588,0.23545,0.21227,0.16612,0.1146,0.074807,0.055899,0.055555,0.061597,0.057968,0.032493,-0.016809,-0.079557,-0.13597,-0.16398,-0.14775,-0.084406,0.01376,0.12261,0.21389,0.26468,0.26522,0.22221,0.15653,0.096049,0.066152,0.081249,0.14011,0.22647,0.31454,0.37729,0.3947,0.35924,0.27725,0.16603,0.04828,-0.054079,-0.12463,-0.15466,-0.14282,-0.093279,-0.013594,0.086472,0.19512,0.29816,0.37932,0.42204,0.41308,0.34698,0.22985,0.08057,-0.071811,-0.19437,-0.25885,-0.24977,-0.16933,-0.037193,0.11529,0.25458,0.3552,0.40725,0.41843,0.40985,0.40711,0.4298,0.48332,0.55623,0.62411,0.65885,0.63987,0.56309,0.44419
0.37129,0.25885,0.19675,0.197,0.25032,0.32852,0.39384,0.412,0.36452,0.25601,0.11355,-0.021669,-0.10774,-0.11599,-0.040626,0.099092,0.26498,0.41208,0.50275,0.51791,0.46177,0.35884,0.24453,0.1529,0.10593,0.10784,0.14595,0.19734,0.23827,0.25281,0.23745,0.20045,0.15649,0.11937,0.095764,0.082667,0.069513,0.043923,-0.0014428,-0.063941,-0.13018,-0.18005,-0.19407,-0.16144,-0.085352,0.016508,0.11697,0.18819,0.2113,0.18337,0.119,0.045977,-0.0038084,-0.0049471,0.05291,0.16145,0.29619,0.42415,0.51398,0.54512,0.51314,0.42976,0.318,0.20462,0.11244,0.055199,0.036152,0.050154,0.087716,0.13903,0.19627,0.25361,0.3055,0.34475,0.36196,0.34717,0.29358,0.20173,0.082391,-0.043758,-0.15013,-0.21116,-0.20997,-0.14396,-0.026263,0.11792,0.25901,0.37227,0.44523,0.48076,0.49445,0.50732,0.53663,0.58807,0.65274,0.70987,0.73472,0.7087,0.62774,0.50572
0.39768,0.28676,0.22182,0.21335,0.25257,0.31376,0.36254,0.36783,0.313,0.20254,0.061537,-0.071888,-0.15884,-0.17244,-0.10677,0.021023,0.17618,0.31743,0.40988,0.4354,0.39708,0.31657,0.22558,0.15471,0.1236,0.13571,0.17912,0.2326,0.27424,0.28935,0.2747,0.23786,0.19238,0.15111,0.12056,0.098663,0.07676,0.044826,-0.0024343,-0.06138,-0.11914,-0.15766,-0.16062,-0.12066,-0.043813,0.050867,0.1367,0.18821,0.19024,0.14404,0.067972,-0.0077626,-0.050694,-0.036761,0.041512,0.17218,0.3273,0.47149,0.57262,0.61108,0.58479,0.50828,0.40693,0.30827,0.23378,0.19371,0.18632,0.20126,0.22515,0.24698,0.26132,0.26826,0.27064,0.2704,0.26573,0.25083,0.21835,0.16359,0.088538,0.0037082,-0.073355,-0.12275,-0.12854,-0.084341,0.0040283,0.12003,0.24169,0.3488,0.42939,0.48293,0.51908,0.55239,0.59497,0.65019,0.70991,0.75665,0.77007,0.7354,0.65063,0.5293
0.38164,0.28122,0.22621,0.22339,0.26199,0.31638,0.35429,0.34773,0.28305,0.16656,0.023574,-0.10906,-0.19449,-0.20777,-0.14398,-0.019991,0.13091,0.26951,0.36285,0.39392,0.36578,0.29904,0.22362,0.16821,0.15079,0.17367,0.22425,0.28086,0.32131,0.33073,0.30602,0.25552,0.19448,0.13835,0.096843,0.07096,0.054079,0.036403,0.010677,-0.023364,-0.057856,-0.079586,-0.075656,-0.039743,0.02372,0.099386,0.16529,0.20027,0.1919,0.14191,0.06692,-0.006022,-0.04787,-0.037069,0.033102,0.15192,0.29427,0.42831,0.5252,0.56752,0.55371,0.49722,0.42091,0.349,0.2993,0.27848,0.28175,0.29644,0.30803,0.30594,0.28702,0.25563,0.2206,0.19063,0.1702,0.15779,0.14694,0.1298,0.10145,0.063037,0.022408,-0.0082113,-0.016544,0.0051235,0.056958,0.13148,0.2164,0.29927,0.37201,0.43333,0.48806,0.54356,0.60475,0.66984,0.72894,0.7664,0.76629,0.71915,0.62731,0.50631
0.32254,0.23801,0.20414,0.22208,0.27593,0.3369,0.37229,0.3562,0.2787,0.15014,-0.0010039,-0.13641,-0.2196,-0.22736,-0.15716,-0.027994,0.12558,0.26422,0.35587,0.38506,0.35658,0.29239,0.22315,0.1773,0.17167,0.20645,0.2663,0.32662,0.36272,0.35838,0.31103,0.23173,0.14057,0.059175,0.0034686,-0.020908,-0.018937,-0.0026158,0.014915,0.025009,0.026673,0.02609,0.032868,0.054704,0.092783,0.13994,0.1825,0.20516,0.19714,0.15717,0.09521,0.030194,-0.015745,-0.024452,0.012128,0.089087,0.18999,0.29208,0.37348,0.4198,0.428,0.40617,0.36976,0.33546,0.31528,0.31284,0.32302,0.33485,0.33639,0.31964,0.28352,0.23409,0.18198,0.13831,0.11062,0.10057,0.10399,0.11322,0.12053,0.12128,0.11551,0.10744,0.10331,0.10873,0.12648,0.15607,0.19481,0.23993,0.29043,0.34774,0.41442,0.4915,0.5756,0.65723,0.72166,0.75252,0.7372,0.67226,0.56661,0.44088
0.23243,0.16453,0.1592,0.21063,0.2948,0.37616,0.41841,0.39611,0.30333,0.15646,-0.0099408,-0.1532,-0.23537,-0.23479,-0.15267,-0.012538,0.14718,0.28518,0.36977,0.38804,0.34854,0.2771,0.20707,0.16763,0.17397,0.22259,0.2932,0.35617,0.383,0.35612,0.27467,0.15465,0.023513,-0.088692,-0.1585,-0.17551,-0.1442,-0.080874,-0.0071178,0.0576,0.10169,0.12363,0.1303,0.13238,0.13894,0.15333,0.17188,0.18578,0.18521,0.16392,0.12249,0.068952,0.016519,-0.020596,-0.031815,-0.013486,0.030242,0.089196,0.15081,0.20424,0.24334,0.26778,0.28174,0.29123,0.30102,0.31241,0.32281,0.32702,0.31966,0.29771,0.26215,0.21799,0.17291,0.13489,0.10995,0.10063,0.10577,0.12145,0.14255,0.16421,0.18279,0.19607,0.20297,0.20332,0.19793,0.1892,0.1818,0.18281,0.20078,0.24351,0.31482,0.41163,0.52235,0.62787,0.70543,0.7347,0.70424,0.61643,0.48859,0.3496
0.13363,0.078542,0.10358,0.1957,0.32078,0.43352,0.49115,0.46678,0.35816,0.18887,0.001658,-0.15436,-0.23841,-0.23021,-0.13572,0.015291,0.179,0.31132,0.38135,0.38006,0.32173,0.23771,0.1649,0.13284,0.15366,0.21824,0.29954,0.36199,0.3736,0.31675,0.19429,0.02898,-0.14322,-0.28384,-0.36292,-0.367,-0.30183,-0.18925,-0.05967,0.057184,0.14028,0.18173,0.18664,0.16908,0.14574,0.1298,0.12685,0.13406,0.14238,0.14077,0.12075,0.079759,0.022191,-0.041792,-0.099237,-0.13798,-0.14967,-0.13154,-0.08646,-0.021729,0.05296,0.12766,0.19394,0.24588,0.28057,0.29783,0.29977,0.29004,0.27294,0.25264,0.23236,0.21402,0.19814,0.18435,0.1722,0.16202,0.15537,0.15486,0.16307,0.18105,0.20686,0.235,0.25719,0.26472,0.2518,0.21876,0.17383,0.13249,0.11388,0.13513,0.20505,0.31944,0.45978,0.59648,0.69619,0.73131,0.68888,0.57589,0.41891,0.25758
0.053403,0.0038836,0.054766,0.18683,0.35564,0.50487,0.58353,0.56169,0.43973,0.24825,0.038538,-0.13315,-0.22271,-0.21115,-0.10939,0.046283,0.20662,0.32533,0.37331,0.3468,0.26683,0.17067,0.098134,0.077617,0.11631,0.19783,0.28777,0.34524,0.33652,0.24633,0.083277,-0.12219,-0.32638,-0.48474,-0.56407,-0.55105,-0.45466,-0.30236,-0.13137,0.021803,0.1306,0.18383,0.1862,0.1543,0.10984,0.072337,0.053495,0.054701,0.067948,0.079542,0.075217,0.045061,-0.013111,-0.092719,-0.17984,-0.25658,-0.30541,-0.31353,-0.27594,-0.19687,-0.088904,0.029787,0.13958,0.22393,0.27312,0.28629,0.27116,0.24141,0.21244,0.19671,0.20011,0.22048,0.2488,0.27279,0.28168,0.27046,0.24212,0.20681,0.17825,0.16826,0.18177,0.21392,0.25094,0.27466,0.26942,0.22903,0.16103,0.086412,0.034222,0.032341,0.09739,0.22714,0.3984,0.57174,0.70209,0.75218,0.70483,0.56958,0.38152,0.19194
0.016957,-0.035596,0.030697,0.19295,0.39855,0.58135,0.68224,0.66727,0.5379,0.32982,0.10127,-0.085562,-0.18374,-0.1753,-0.075283,0.074889,0.22216,0.31956,0.34107,0.28871,0.19,0.086949,0.02055,0.016151,0.074566,0.17171,0.26664,0.31518,0.28451,0.16411,-0.030429,-0.26154,-0.48033,-0.64018,-0.70916,-0.67765,-0.55945,-0.38643,-0.1989,-0.034787,0.079341,0.13309,0.1322,0.094243,0.041849,-0.0043511,-0.031219,-0.035755,-0.024608,-0.010958,-0.0098532,-0.033293,-0.086278,-0.16473,-0.2558,-0.3404,-0.39769,-0.41021,-0.36877,-0.2755,-0.14429,0.0019187,0.13646,0.23574,0.28554,0.285,0.2469,0.19383,0.15131,0.1397,0.1677,0.22943,0.30638,0.37359,0.40828,0.39794,0.34493,0.26595,0.1863,0.13086,0.11483,0.13785,0.18368,0.22604,0.23865,0.20618,0.13176,0.03823,-0.038085,-0.059313,7.7843e-05,0.14233,0.34253,0.55376,0.72022,0.7944,0.75282,0.60489,0.39171,0.17463
0.040853,-0.022377,0.044738,0.21936,0.44511,0.64994,0.76879,0.76383,0.63554,0.42142,0.183,-0.01446,-0.12249,-0.1237,-0.035263,0.099066,0.22521,0.29754,0.29371,0.22078,0.11089,0.0084207,-0.046652,-0.033301,0.042903,0.15152,0.24743,0.28596,0.2376,0.097845,-0.11112,-0.34688,-0.55909,-0.70356,-0.75375,-0.70646,-0.58073,-0.41071,-0.23544,-0.088651,0.0085374,0.05041,0.045005,0.0091918,-0.037561,-0.078824,-0.10492,-0.11416,-0.11186,-0.10773,-0.11256,-0.13484,-0.17808,-0.23913,-0.30797,-0.3692,-0.40512,-0.40013,-0.34531,-0.24215,-0.10389,0.046358,0.18068,0.27365,0.30983,0.28896,0.22709,0.15245,0.097305,0.087741,0.13493,0.23073,0.34955,0.45612,0.51686,0.51116,0.43858,0.31939,0.18789,0.080749,0.024322,0.025444,0.069234,0.12491,0.15779,0.14333,0.077907,-0.01771,-0.1041,-0.13656,-0.081701,0.068564,0.29087,0.53488,0.73754,0.84271,0.81984,0.67522,0.4517,0.21652
0.12837,0.049847,0.10186,0.26587,0.48786,0.69587,0.82311,0.82897,0.71099,0.50427,0.26871,0.068701,-0.047616,-0.062726,0.0068326,0.11863,0.22078,0.2706,0.24901,0.16587,0.054712,-0.040695,-0.083086,-0.055626,0.031711,0.14534,0.23947,0.27161,0.21673,0.075574,-0.12561,-0.34325,-0.52963,-0.64656,-0.67524,-0.6196,-0.50277,-0.35851,-0.22079,-0.11498,-0.053068,-0.033578,-0.04541,-0.073567,-0.10458,-0.12998,-0.14725,-0.15857,-0.16853,-0.18177,-0.20138,-0.22815,-0.2604,-0.29406,-0.32279,-0.33829,-0.33136,-0.29383,-0.2214,-0.1165,0.0099849,0.13923,0.24804,0.31481,0.32644,0.28383,0.20369,0.11525,0.052447,0.043425,0.10081,0.21622,0.36124,0.49521,0.57761,0.58107,0.50069,0.3561,0.1854,0.032717,-0.066462,-0.09699,-0.068578,-0.011314,0.036416,0.04337,-0.0014004,-0.082711,-0.16327,-0.1966,-0.14452,0.0069157,0.23911,0.50364,0.73573,0.8745,0.88307,0.76186,0.55004,0.31429
0.26817,0.17398,0.1969,0.32663,0.51808,0.70642,0.82846,0.84288,0.74284,0.55685,0.33804,0.14565,0.025571,-0.0037921,0.044551,0.13314,0.21505,0.25136,0.22467,0.14426,0.04128,-0.043955,-0.077567,-0.045074,0.042957,0.15437,0.24653,0.281,0.23658,0.11628,-0.053968,-0.23395,-0.38207,-0.46782,-0.47987,-0.42745,-0.33514,-0.2335,-0.14916,-0.097569,-0.08067,-0.08944,-0.10974,-0.12882,-0.13995,-0.14382,-0.14657,-0.15579,-0.17651,-0.20862,-0.24678,-0.28238,-0.3065,-0.31246,-0.29705,-0.26018,-0.20369,-0.13019,-0.042905,0.053421,0.15111,0.23886,0.30283,0.32987,0.31235,0.25267,0.1655,0.076158,0.014633,0.0067359,0.06502,0.18278,0.33372,0.47813,0.57414,0.59058,0.51732,0.36908,0.18136,-0.0006455,-0.13651,-0.20344,-0.20292,-0.15877,-0.10703,-0.081277,-0.098741,-0.15242,-0.21241,-0.23645,-0.186,-0.042387,0.18323,0.45,0.69822,0.86768,0.91736,0.83979,0.66482,0.45115
0.43647,0.33057,0.31535,0.39145,0.52827,0.67466,0.77638,0.79407,0.71597,0.56086,0.37082,0.19634,0.079259,0.039452,0.069721,0.14033,0.21113,0.24678,0.22931,0.16387,0.075663,-0.00041336,-0.033376,-0.0080422,0.069149,0.17232,0.26531,0.3144,0.29992,0.2226,0.10279,-0.0271,-0.13379,-0.19399,-0.20109,-0.16567,-0.11002,-0.059165,-0.031891,-0.034905,-0.062139,-0.098899,-0.12891,-0.14129,-0.13476,-0.11759,-0.10361,-0.10602,-0.13161,-0.17758,-0.23217,-0.27859,-0.30068,-0.28807,-0.23902,-0.16017,-0.06366,0.036901,0.12992,0.20752,0.26524,0.30046,0.31093,0.29455,0.25094,0.18406,0.10445,0.029423,-0.019759,-0.023636,0.028532,0.13312,0.27028,0.40734,0.507,0.53812,0.48567,0.3562,0.17669,-0.013265,-0.1735,-0.27564,-0.31133,-0.29352,-0.25004,-0.21192,-0.20046,-0.21816,-0.24677,-0.25377,-0.205,-0.079014,0.12218,0.37021,0.61698,0.80879,0.90361,0.88528,0.76974,0.60079
